data_raw/dem_fiescher_1980.asc
NCOLS       210
NROWS       270
XLLCORNER          647500.00
YLLCORNER          143000.00
CELLSIZE          50
NODATA_VALUE   -9999
[rows 203 to 231 of 270, columns 134 to 200 of 210]
2345.72 2374.41 2391.84 2404.29 2425.43 2443.95 2466.34 2490.45 2515.67 2548.47 2602.68 2681.12 2715.02 2729.47 2782.12 2835.86 2858.27 2856.84 2840.52 2812.82 2801.24 2793.70 2785.03 2777.85 2773.18 2762.88 2743.12 2719.75 2709.89 2705.98 2705.39 2708.65 2712.55 2710.50 2704.89 2703.11 2702.41 2703.22 2714.53 2711.62 2697.98 2693.13 2693.21 2697.80 2700.01 2715.40 2698.59 2688.78 2671.92 2652.69 2640.69 2625.43 2609.94 2596.27 2586.92 2571.33 2552.23 2530.35 2517.00 2498.49 2482.64 2471.53 2458.42 2446.45 2445.39 2448.53 2444.95
2356.81 2381.20 2393.08 2400.25 2430.47 2457.61 2480.83 2506.55 2533.63 2573.03 2660.65 2722.74 2742.05 2756.60 2795.36 2835.12 2846.82 2845.89 2818.10 2795.45 2787.82 2781.57 2767.50 2759.15 2754.82 2746.66 2730.16 2715.18 2710.75 2707.02 2702.24 2705.07 2704.39 2701.72 2688.65 2679.88 2673.82 2680.53 2694.07 2689.64 2676.88 2671.33 2671.47 2673.68 2688.68 2711.54 2697.65 2679.13 2665.36 2648.92 2631.35 2611.78 2596.30 2583.80 2569.03 2549.43 2527.64 2509.61 2492.00 2470.05 2456.00 2441.64 2424.94 2414.06 2412.29 2421.97 2429.83
2354.46 2375.25 2373.80 2410.64 2440.49 2477.32 2502.30 2533.04 2563.78 2603.80 2675.28 2721.58 2742.01 2754.95 2787.00 2809.14 2827.16 2836.19 2809.37 2784.26 2773.01 2759.79 2748.28 2743.70 2728.62 2726.54 2726.18 2719.11 2707.99 2703.87 2696.39 2696.39 2691.74 2684.22 2669.38 2658.11 2654.50 2667.05 2667.96 2661.55 2660.32 2650.41 2648.30 2666.62 2697.33 2722.94 2693.37 2660.60 2644.37 2627.63 2608.83 2588.20 2575.89 2563.83 2547.60 2525.30 2499.71 2483.39 2462.05 2444.37 2430.40 2415.49 2397.89 2386.25 2383.08 2392.86 2408.05
2335.08 2349.26 2375.91 2409.29 2445.11 2481.76 2520.32 2560.25 2596.05 2635.56 2679.34 2718.78 2741.50 2750.55 2771.36 2783.97 2803.97 2821.67 2797.64 2780.31 2759.45 2737.44 2724.36 2710.59 2697.44 2702.42 2701.88 2694.87 2687.45 2686.62 2678.15 2669.22 2663.08 2660.98 2651.88 2644.11 2640.85 2641.10 2640.35 2647.05 2639.58 2634.11 2648.45 2678.95 2707.52 2715.92 2694.47 2656.30 2626.40 2611.00 2594.30 2574.85 2558.74 2542.52 2525.56 2502.78 2478.27 2459.24 2444.05 2425.39 2406.07 2389.19 2377.50 2367.35 2361.79 2368.18 2379.35
2309.89 2351.84 2381.53 2411.51 2437.22 2486.82 2528.53 2567.11 2602.65 2638.51 2674.16 2711.06 2745.92 2763.71 2772.97 2789.47 2812.24 2812.24 2781.67 2768.34 2746.31 2720.88 2699.00 2685.45 2680.03 2672.90 2672.72 2675.10 2661.22 2656.90 2652.03 2643.76 2637.35 2635.74 2634.70 2630.19 2626.18 2624.18 2627.80 2624.42 2623.99 2624.37 2629.72 2648.14 2667.80 2690.15 2692.80 2655.50 2621.49 2601.43 2585.16 2567.33 2546.55 2525.53 2502.67 2480.80 2465.59 2448.76 2432.11 2406.53 2384.77 2370.30 2359.01 2349.71 2340.58 2337.88 2343.45
2308.28 2350.61 2391.63 2415.36 2442.33 2487.80 2527.05 2564.79 2602.49 2639.96 2676.86 2714.62 2749.89 2779.51 2803.23 2821.17 2834.25 2806.99 2770.63 2752.65 2734.34 2703.95 2683.60 2670.11 2660.19 2653.74 2654.94 2661.02 2652.16 2637.94 2629.32 2622.42 2616.00 2614.78 2617.55 2616.86 2615.01 2611.64 2603.28 2601.55 2602.83 2602.55 2600.55 2601.26 2618.30 2649.03 2666.02 2648.86 2607.80 2581.95 2569.92 2556.60 2538.37 2511.97 2490.50 2472.37 2459.90 2433.57 2409.68 2391.02 2368.59 2349.59 2340.26 2327.47 2315.51 2309.04 2310.87
2311.43 2347.21 2390.24 2409.15 2450.20 2488.68 2529.73 2571.74 2608.75 2652.67 2689.63 2726.79 2758.37 2795.20 2830.35 2853.54 2844.17 2806.40 2770.31 2741.73 2712.20 2690.02 2676.62 2670.13 2662.21 2652.98 2652.98 2654.56 2636.23 2619.01 2611.05 2604.57 2602.32 2599.84 2603.05 2606.90 2599.57 2591.59 2584.64 2578.18 2575.56 2567.74 2562.05 2564.05 2573.85 2600.18 2619.71 2625.82 2605.35 2572.95 2559.83 2548.57 2530.60 2504.15 2485.40 2465.53 2442.86 2422.90 2399.10 2376.87 2352.78 2330.26 2315.57 2307.22 2295.05 2283.60 2283.13
2317.07 2360.27 2393.35 2424.55 2463.89 2497.61 2538.03 2580.15 2626.51 2668.01 2714.11 2741.29 2768.58 2798.17 2823.73 2850.72 2851.79 2805.20 2763.84 2729.55 2705.87 2691.17 2685.13 2683.60 2668.78 2655.92 2655.30 2639.80 2617.28 2604.79 2598.68 2593.51 2592.45 2595.53 2601.28 2601.16 2585.43 2571.27 2558.43 2547.77 2537.53 2532.75 2527.55 2528.92 2536.06 2554.15 2575.15 2595.30 2599.18 2574.71 2556.86 2542.03 2518.35 2493.67 2473.78 2454.72 2430.98 2412.37 2391.30 2370.16 2344.25 2316.82 2297.43 2287.70 2274.87 2262.12 2256.42
2320.49 2362.04 2402.70 2434.69 2471.00 2507.29 2550.61 2590.07 2628.80 2671.88 2713.54 2746.33 2768.72 2778.20 2795.86 2828.47 2829.84 2787.19 2752.62 2723.52 2702.68 2695.35 2697.79 2693.11 2677.98 2670.80 2661.59 2630.28 2609.35 2600.80 2591.52 2586.11 2586.45 2599.73 2609.37 2588.40 2572.39 2549.83 2526.07 2509.48 2496.92 2492.83 2496.13 2499.12 2503.30 2513.72 2534.78 2556.85 2571.95 2575.43 2559.39 2538.27 2509.93 2486.08 2466.08 2445.38 2421.80 2402.94 2383.04 2362.56 2336.45 2309.20 2286.43 2269.60 2257.81 2239.50 2223.19
2324.93 2362.54 2401.47 2438.17 2475.61 2518.10 2554.16 2597.12 2634.72 2659.78 2700.76 2737.66 2753.21 2758.45 2779.50 2814.74 2812.07 2764.32 2736.81 2717.80 2709.68 2704.50 2700.62 2688.35 2677.23 2667.29 2643.28 2624.63 2611.45 2594.06 2577.27 2567.53 2576.13 2592.39 2592.98 2576.35 2556.66 2528.65 2499.03 2482.55 2471.65 2463.77 2465.70 2470.30 2475.20 2483.58 2497.55 2515.20 2534.10 2545.99 2546.45 2543.86 2521.72 2492.75 2465.36 2436.45 2410.99 2392.40 2374.97 2351.83 2328.36 2303.39 2280.57 2266.07 2247.29 2226.63 2201.32
2324.95 2357.22 2395.72 2431.96 2473.95 2510.61 2549.00 2584.61 2610.70 2640.96 2684.48 2709.94 2728.58 2743.39 2771.38 2801.03 2794.61 2752.18 2729.15 2719.60 2713.22 2700.76 2688.38 2684.48 2675.30 2662.53 2641.95 2625.99 2604.90 2581.17 2564.10 2554.53 2555.25 2570.49 2572.47 2564.95 2538.43 2511.55 2484.43 2462.71 2449.08 2438.72 2436.72 2439.74 2445.78 2453.17 2458.90 2469.70 2491.54 2506.90 2511.38 2516.66 2517.57 2505.20 2474.10 2441.12 2417.55 2401.28 2371.60 2347.79 2323.52 2300.39 2281.91 2266.47 2251.03 2230.23 2197.27
2316.71 2348.47 2391.00 2428.78 2465.00 2497.86 2536.52 2562.03 2589.18 2618.97 2654.07 2684.97 2703.20 2716.67 2734.27 2760.18 2777.24 2751.06 2734.19 2725.22 2707.65 2693.83 2689.57 2687.35 2676.55 2662.62 2645.69 2623.78 2602.49 2586.28 2563.08 2549.29 2549.02 2552.22 2561.50 2552.95 2535.30 2504.07 2475.92 2450.19 2431.28 2419.13 2412.75 2413.16 2419.86 2427.11 2429.16 2435.30 2445.69 2463.20 2473.21 2477.14 2492.10 2496.03 2481.56 2455.25 2445.48 2419.20 2380.05 2347.30 2326.66 2306.91 2292.97 2281.53 2264.89 2232.89 2192.00
2316.30 2350.21 2390.00 2420.73 2445.72 2480.61 2508.30 2537.68 2571.39 2606.45 2637.89 2663.71 2668.55 2672.11 2697.24 2727.07 2754.23 2759.64 2739.48 2725.95 2712.06 2703.70 2702.68 2691.52 2669.52 2659.70 2650.87 2626.32 2610.14 2587.02 2569.88 2560.14 2551.54 2550.25 2551.18 2542.02 2524.88 2496.14 2466.87 2442.88 2421.48 2406.44 2397.55 2395.68 2400.05 2405.32 2406.72 2406.05 2411.47 2417.30 2427.58 2435.33 2451.00 2467.92 2466.45 2465.17 2461.30 2438.72 2403.86 2370.47 2347.83 2327.12 2315.77 2305.43 2283.40 2247.28 2201.47
2316.38 2333.80 2359.14 2389.01 2423.57 2456.38 2486.88 2525.44 2566.65 2593.51 2606.23 2625.27 2639.61 2654.40 2678.93 2703.34 2737.88 2753.82 2732.78 2723.79 2717.89 2716.06 2706.06 2686.67 2672.11 2659.30 2640.58 2626.15 2608.06 2583.94 2580.15 2576.95 2556.25 2540.25 2529.03 2518.61 2513.38 2490.60 2457.76 2432.88 2414.84 2400.86 2392.19 2387.77 2388.95 2389.85 2387.32 2381.72 2380.77 2383.66 2389.92 2398.37 2415.78 2429.30 2435.60 2447.73 2448.20 2436.04 2419.91 2401.88 2380.17 2358.93 2336.25 2311.07 2283.73 2253.03 2222.30
2276.61 2301.78 2353.25 2390.90 2422.91 2457.10 2486.98 2523.79 2563.93 2575.84 2584.30 2603.62 2627.81 2652.09 2671.12 2691.67 2723.74 2741.48 2728.74 2721.05 2717.71 2718.05 2712.65 2702.48 2674.03 2642.97 2624.60 2614.80 2605.33 2592.41 2577.30 2559.68 2543.50 2520.43 2498.48 2489.31 2481.03 2470.03 2447.03 2428.17 2410.00 2397.88 2392.40 2387.18 2380.00 2377.10 2370.12 2361.93 2354.66 2354.97 2358.84 2364.45 2379.47 2391.53 2403.27 2421.03 2425.35 2418.31 2410.36 2402.22 2388.75 2369.30 2343.11 2319.65 2298.47 2274.20 2246.22
2283.52 2329.01 2372.16 2405.35 2439.32 2472.43 2511.90 2540.24 2560.27 2569.54 2573.68 2589.28 2611.33 2639.33 2662.64 2685.97 2720.89 2733.65 2720.31 2715.53 2717.93 2711.15 2711.12 2698.06 2668.01 2645.43 2629.70 2616.14 2603.32 2589.85 2574.82 2553.10 2524.97 2501.68 2478.28 2461.65 2451.05 2446.00 2440.90 2426.26 2410.82 2399.82 2393.40 2384.15 2372.48 2362.98 2352.35 2342.49 2329.69 2325.42 2329.13 2332.58 2338.61 2351.38 2372.22 2393.10 2391.18 2388.24 2388.43 2389.05 2383.94 2367.88 2347.15 2326.05 2306.80 2278.88 2241.67
2284.76 2322.47 2369.59 2410.81 2442.88 2483.07 2521.67 2543.58 2557.54 2565.55 2563.77 2579.45 2605.02 2631.25 2653.35 2679.89 2713.37 2720.42 2704.35 2701.81 2704.93 2703.73 2696.15 2674.30 2658.94 2641.57 2620.95 2614.51 2610.00 2594.38 2571.29 2544.80 2518.85 2487.10 2457.78 2440.50 2429.41 2421.91 2425.40 2423.08 2412.45 2402.79 2389.03 2374.11 2357.99 2342.71 2330.47 2321.75 2306.12 2299.11 2300.91 2303.72 2309.18 2320.02 2336.39 2352.00 2352.53 2354.05 2359.65 2368.35 2368.24 2358.16 2343.20 2321.75 2294.94 2260.93 2223.86
2290.23 2325.49 2359.28 2396.92 2433.75 2474.95 2511.76 2538.35 2535.32 2545.14 2547.80 2568.21 2600.57 2618.15 2640.85 2670.94 2700.91 2715.07 2699.16 2690.36 2693.50 2697.48 2686.47 2666.94 2644.68 2627.38 2618.37 2618.25 2607.82 2593.13 2564.51 2536.65 2520.15 2483.02 2446.28 2421.30 2413.70 2406.40 2407.25 2415.50 2412.40 2403.50 2388.01 2366.30 2344.83 2327.63 2307.95 2301.12 2289.83 2277.60 2276.28 2279.65 2284.30 2291.75 2301.22 2311.37 2312.43 2316.19 2326.44 2340.26 2349.93 2344.95 2334.82 2315.56 2279.62 2239.68 2204.91
2311.72 2351.39 2379.77 2407.32 2441.05 2477.49 2512.38 2522.17 2513.60 2514.95 2525.44 2541.72 2566.05 2589.38 2623.10 2659.68 2689.59 2710.56 2697.32 2681.43 2677.45 2680.94 2675.45 2662.44 2646.32 2631.65 2619.09 2609.60 2596.78 2584.53 2556.32 2538.09 2518.85 2484.38 2436.48 2408.80 2400.25 2398.35 2397.66 2403.20 2407.11 2402.78 2392.31 2367.45 2337.79 2313.29 2295.60 2281.45 2275.28 2264.74 2258.60 2258.70 2262.68 2267.18 2268.97 2270.27 2274.15 2276.91 2287.41 2315.83 2328.25 2327.86 2325.70 2312.35 2282.83 2244.42 2194.14
2323.95 2363.47 2394.33 2426.41 2456.32 2477.07 2491.87 2492.43 2490.66 2492.94 2504.28 2522.67 2541.06 2571.12 2609.35 2650.78 2689.13 2709.98 2696.18 2672.38 2659.82 2661.66 2658.38 2653.30 2647.19 2642.25 2626.38 2601.55 2583.09 2563.40 2544.49 2537.80 2514.32 2483.12 2437.32 2409.21 2397.31 2397.02 2397.02 2398.71 2399.82 2395.02 2389.56 2371.16 2333.78 2303.44 2282.97 2270.77 2257.46 2250.83 2244.70 2241.93 2244.05 2241.07 2237.49 2233.77 2231.40 2236.32 2257.36 2278.31 2296.50 2304.75 2308.40 2302.78 2283.05 2243.99 2208.65
2315.70 2347.20 2391.89 2427.86 2452.17 2464.37 2470.65 2472.44 2470.01 2477.24 2490.51 2508.55 2529.33 2566.01 2609.00 2649.38 2685.72 2708.77 2685.54 2661.85 2654.38 2653.30 2646.73 2634.90 2629.45 2629.45 2626.37 2596.21 2564.30 2544.22 2530.22 2523.53 2508.10 2481.32 2447.12 2425.70 2406.60 2399.61 2402.39 2396.72 2390.05 2385.55 2380.70 2368.75 2337.12 2303.92 2277.78 2259.14 2247.23 2233.01 2228.47 2224.19 2223.23 2216.33 2206.97 2200.45 2197.64 2202.35 2216.28 2239.78 2254.78 2273.26 2278.37 2278.45 2261.52 2240.15 2213.90
2301.95 2349.50 2380.98 2404.69 2426.80 2445.33 2450.68 2454.36 2449.55 2455.54 2476.11 2495.98 2529.43 2566.40 2603.95 2638.45 2672.89 2689.92 2669.66 2649.43 2640.87 2640.42 2633.80 2619.67 2606.88 2599.40 2602.90 2591.18 2560.87 2543.11 2530.30 2519.03 2505.63 2485.62 2456.20 2435.80 2419.01 2413.58 2413.51 2399.75 2382.63 2371.77 2366.29 2360.03 2343.32 2313.55 2282.38 2257.36 2238.16 2223.18 2208.99 2204.66 2202.28 2194.64 2178.89 2171.45 2168.39 2171.31 2179.12 2191.38 2206.15 2227.78 2236.97 2239.01 2235.58 2222.72 2201.75
2305.04 2334.12 2358.91 2380.84 2400.12 2414.45 2422.66 2426.85 2427.74 2438.50 2456.03 2483.54 2518.14 2553.67 2591.62 2624.63 2655.36 2662.48 2635.75 2614.47 2610.55 2617.56 2616.68 2596.74 2585.55 2571.10 2573.70 2590.88 2574.50 2561.31 2553.16 2526.57 2508.57 2486.17 2459.52 2442.66 2433.40 2432.70 2425.28 2404.70 2385.40 2359.85 2348.38 2346.56 2335.58 2316.20 2291.90 2267.12 2242.91 2219.72 2201.43 2186.38 2182.51 2177.78 2159.04 2144.77 2137.38 2137.48 2143.20 2145.32 2165.78 2183.98 2194.87 2200.75 2199.35 2192.22 2179.27
2282.39 2311.62 2330.14 2355.10 2374.67 2389.53 2396.95 2401.38 2405.39 2421.23 2444.71 2479.00 2508.38 2547.19 2577.83 2609.61 2634.41 2631.93 2603.55 2586.47 2586.23 2593.26 2582.88 2566.41 2559.88 2558.20 2567.35 2581.80 2585.95 2583.02 2574.35 2540.69 2510.95 2483.22 2461.81 2446.93 2446.65 2442.52 2424.84 2410.58 2392.68 2361.93 2340.65 2329.47 2322.88 2306.13 2288.27 2264.15 2236.64 2214.60 2197.70 2184.75 2169.97 2161.62 2153.00 2129.15 2107.65 2103.64 2108.88 2103.19 2111.54 2135.28 2153.78 2165.73 2165.79 2162.97 2158.35
2260.22 2282.02 2305.00 2332.97 2351.22 2360.84 2368.24 2373.80 2387.90 2411.43 2438.53 2472.02 2500.80 2531.85 2567.92 2600.39 2612.89 2599.29 2571.44 2561.22 2565.95 2564.77 2556.59 2544.06 2543.43 2554.62 2561.62 2570.98 2583.25 2596.96 2587.10 2550.23 2521.27 2491.68 2470.74 2451.77 2449.35 2445.20 2420.50 2416.87 2407.47 2370.18 2348.11 2327.57 2310.20 2291.23 2266.02 2244.53 2226.46 2209.27 2193.77 2180.80 2167.15 2150.41 2137.57 2115.92 2086.67 2070.22 2073.49 2068.24 2069.65 2087.82 2119.21 2127.09 2128.37 2129.22 2139.11
2245.64 2263.43 2284.75 2307.84 2329.06 2338.51 2342.77 2353.18 2374.07 2402.28 2433.17 2462.17 2490.91 2519.54 2553.88 2579.41 2582.84 2571.51 2544.95 2535.95 2538.54 2539.06 2540.97 2531.26 2535.00 2548.07 2552.28 2557.87 2572.77 2592.57 2577.98 2549.73 2518.88 2499.24 2489.20 2461.96 2457.09 2444.70 2422.57 2427.15 2403.43 2375.20 2357.50 2338.45 2317.57 2298.30 2273.78 2246.22 2221.74 2204.45 2189.49 2173.83 2157.87 2142.01 2117.13 2090.43 2062.04 2040.60 2038.34 2033.30 2032.20 2049.80 2082.48 2088.38 2085.38 2090.50 2101.51
2226.35 2241.55 2265.90 2287.97 2308.97 2316.52 2321.66 2336.15 2367.37 2394.23 2417.20 2447.55 2474.37 2501.79 2534.11 2556.80 2555.89 2544.31 2523.93 2522.16 2530.94 2538.35 2537.16 2530.02 2535.67 2540.13 2534.82 2536.43 2554.37 2571.22 2554.23 2531.52 2511.06 2497.49 2487.73 2474.72 2463.19 2438.13 2426.62 2421.12 2386.45 2368.35 2361.89 2347.62 2326.17 2306.09 2283.38 2255.17 2231.51 2215.48 2196.89 2178.53 2159.70 2134.12 2106.45 2076.75 2039.38 2014.62 2004.88 2000.15 1998.20 2011.62 2031.11 2044.42 2043.18 2049.30 2061.67
2198.21 2214.84 2234.74 2261.00 2285.85 2293.75 2301.43 2318.82 2349.72 2378.12 2412.98 2435.97 2458.13 2478.41 2495.73 2512.59 2522.49 2517.30 2504.19 2511.57 2522.68 2524.20 2515.58 2507.95 2512.15 2512.74 2513.25 2519.26 2538.32 2553.41 2537.64 2522.38 2506.36 2497.46 2487.72 2474.98 2461.08 2432.97 2428.45 2411.00 2375.30 2357.21 2357.28 2343.05 2318.27 2300.12 2289.79 2273.60 2257.18 2240.53 2211.00 2190.63 2169.31 2137.16 2107.65 2074.22 2040.75 2011.93 1985.88 1970.15 1965.24 1969.82 1983.94 1994.85 1999.62 2011.45 2020.80
2167.70 2185.57 2208.36 2234.58 2259.62 2269.57 2275.24 2308.88 2341.70 2371.62 2398.20 2418.89 2433.26 2449.01 2462.48 2475.99 2489.32 2487.12 2482.44 2488.82 2495.52 2500.77 2488.78 2487.95 2491.12 2494.50 2497.61 2512.65 2534.20 2549.60 2542.06 2521.39 2508.35 2502.46 2483.94 2469.26 2452.90 2434.22 2427.63 2413.04 2373.70 2352.72 2345.25 2331.26 2321.15 2312.28 2302.12 2293.78 2279.52 2272.47 2239.53 2219.78 2199.50 2150.38 2111.25 2076.35 2040.08 2008.76 1982.47 1950.83 1929.40 1934.52 1944.45 1952.80 1960.63 1974.42 1981.13
