data_raw/dem_fiescher_1980.asc
NCOLS       210
NROWS       270
XLLCORNER          647500.00
YLLCORNER          143000.00
CELLSIZE          50
NODATA_VALUE   -9999
[rows 87 to 115 of 270, columns 67 to 133 of 210]
3029.36 3016.91 3008.94 3001.41 2999.36 2998.43 2996.71 2995.86 2995.46 2995.07 2994.58 2993.62 2991.27 2990.27 2987.70 2984.40 2981.49 2977.87 2975.56 2972.50 2967.18 2960.51 2951.03 2940.30 2929.53 2923.31 2919.62 2916.99 2914.25 2911.07 2906.76 2901.63 2892.38 2887.20 2883.37 2878.91 2881.48 2874.44 2868.16 2884.56 2896.74 2890.12 2885.42 2893.90 2914.08 2908.78 2907.20 2917.99 2947.90 2964.59 2973.68 2995.59 3003.82 2993.04 3012.53 3027.97 3054.91 3062.76 3067.96 3073.53 3089.41 3103.51 3122.49 3161.83 3189.72 3233.24 3282.98
3032.74 3021.11 3011.38 3001.98 2995.71 2992.57 2992.14 2990.53 2988.84 2988.90 2988.74 2984.39 2984.33 2985.85 2984.63 2981.23 2977.94 2973.59 2971.89 2967.91 2963.22 2957.81 2948.65 2937.78 2925.61 2922.82 2921.85 2921.13 2920.27 2917.42 2914.41 2908.64 2902.08 2896.10 2890.81 2886.55 2882.93 2877.78 2868.40 2861.77 2858.39 2862.26 2866.60 2883.46 2906.11 2904.04 2906.95 2905.34 2918.53 2943.43 2969.80 2983.40 2978.22 2988.05 3009.64 3018.22 3033.58 3041.80 3055.23 3067.42 3080.41 3097.28 3118.57 3145.60 3176.37 3242.71 3290.99
3034.83 3021.68 3008.90 3000.31 2996.89 2989.30 2988.14 2986.69 2983.82 2983.01 2982.76 2980.50 2979.07 2978.80 2978.16 2976.29 2973.93 2970.26 2968.00 2964.44 2960.39 2953.05 2945.60 2938.47 2930.89 2927.74 2924.39 2923.57 2923.76 2922.33 2918.99 2914.24 2907.82 2901.03 2896.23 2891.30 2886.93 2881.63 2875.84 2868.12 2860.53 2855.68 2855.47 2863.05 2888.03 2897.53 2904.47 2903.18 2916.69 2949.96 2964.63 2957.17 2963.40 2979.67 2996.28 3004.43 3021.69 3035.71 3047.55 3060.07 3073.74 3094.05 3117.54 3143.03 3187.45 3264.73 3328.99
3033.87 3020.75 3006.45 2997.36 2992.38 2986.88 2983.94 2983.01 2980.05 2977.97 2976.98 2974.08 2971.61 2971.74 2971.91 2971.19 2969.34 2966.06 2964.36 2962.03 2957.98 2950.99 2946.52 2940.34 2934.00 2932.18 2929.61 2927.84 2927.39 2926.08 2922.55 2917.91 2911.90 2904.70 2897.59 2893.41 2889.38 2884.51 2878.45 2871.95 2864.76 2857.72 2852.66 2834.11 2864.93 2890.40 2894.99 2901.78 2917.15 2938.41 2941.57 2931.55 2944.60 2967.09 2976.97 2996.32 3010.87 3025.28 3043.52 3060.36 3074.03 3092.08 3114.52 3149.53 3207.63 3267.82 3351.68
3032.34 3021.09 3008.26 2995.36 2988.47 2983.72 2982.26 2979.67 2977.05 2974.19 2972.12 2968.81 2966.29 2965.51 2964.14 2964.13 2962.48 2961.78 2962.22 2958.95 2955.33 2950.19 2945.45 2938.36 2934.02 2932.25 2931.26 2932.05 2931.83 2930.10 2926.36 2920.89 2915.84 2909.00 2900.90 2895.36 2889.92 2885.83 2880.47 2873.65 2865.70 2858.26 2851.47 2843.14 2841.58 2864.18 2881.89 2893.14 2906.73 2907.73 2909.91 2907.99 2926.59 2949.88 2957.27 2972.31 2996.80 3013.76 3032.36 3053.72 3075.53 3101.59 3127.78 3166.80 3218.58 3277.09 3361.35
3034.39 3023.40 3010.92 2996.71 2988.53 2981.83 2979.74 2977.82 2973.87 2970.11 2968.20 2963.82 2963.65 2960.15 2957.93 2957.58 2957.94 2957.49 2955.25 2953.59 2951.78 2949.77 2941.53 2936.68 2934.35 2933.23 2932.97 2932.87 2932.83 2932.32 2929.87 2924.51 2919.17 2912.29 2905.22 2897.83 2891.67 2885.22 2879.72 2873.61 2865.44 2856.90 2849.32 2843.84 2836.39 2832.38 2843.18 2854.90 2873.41 2876.85 2873.91 2888.49 2908.15 2934.42 2955.29 2959.36 2978.68 3005.22 3030.50 3061.07 3091.81 3122.75 3157.58 3183.60 3238.42 3294.89 3355.74
3036.29 3025.30 3012.19 2999.11 2990.43 2981.89 2975.91 2974.06 2972.21 2968.39 2965.21 2959.84 2957.48 2956.20 2954.52 2952.76 2952.17 2951.97 2951.05 2949.03 2947.48 2944.95 2940.57 2938.20 2936.60 2936.07 2934.81 2933.68 2933.91 2932.15 2929.64 2925.45 2920.57 2914.03 2907.07 2899.54 2891.84 2884.41 2877.15 2870.25 2862.11 2853.05 2845.36 2839.94 2836.91 2834.06 2814.93 2827.13 2831.73 2840.62 2844.97 2865.45 2899.18 2923.89 2941.61 2943.47 2962.95 3000.15 3052.97 3097.15 3136.00 3159.51 3186.26 3214.53 3267.21 3307.74 3344.48
3038.33 3027.34 3014.83 3003.15 2992.98 2984.94 2977.83 2972.32 2968.42 2964.34 2961.04 2958.64 2956.13 2953.80 2952.13 2948.86 2946.89 2945.86 2946.86 2945.71 2944.01 2943.26 2941.17 2940.31 2938.86 2937.66 2936.71 2936.27 2934.41 2931.90 2929.32 2925.05 2919.51 2913.81 2905.08 2898.68 2889.01 2881.75 2873.45 2865.01 2857.03 2848.80 2842.13 2837.69 2834.16 2832.24 2830.48 2828.08 2823.83 2807.76 2820.55 2851.52 2877.45 2899.22 2919.06 2927.16 2950.14 2963.73 3020.92 3099.56 3117.58 3118.37 3153.21 3207.83 3231.74 3280.45 3312.01
3039.88 3027.48 3017.65 3008.03 2998.24 2988.80 2979.10 2970.06 2964.34 2960.39 2956.21 2955.80 2954.28 2951.14 2948.77 2945.66 2945.24 2944.42 2943.65 2941.95 2942.36 2941.76 2941.49 2940.53 2940.11 2939.26 2937.76 2936.48 2934.79 2931.10 2927.19 2922.17 2916.79 2909.93 2903.84 2895.18 2883.39 2874.07 2867.90 2858.53 2850.78 2842.91 2838.95 2835.95 2833.78 2831.26 2828.48 2828.02 2827.93 2825.73 2801.50 2818.42 2842.66 2869.29 2887.71 2901.79 2924.82 2932.57 2951.80 3011.20 3050.03 3064.32 3132.71 3140.70 3176.61 3247.83 3266.05
3038.06 3030.16 3025.34 3015.43 3005.39 2993.19 2982.30 2970.61 2963.33 2957.91 2952.98 2950.53 2950.45 2950.47 2948.16 2945.64 2944.62 2943.44 2941.70 2941.27 2940.87 2939.95 2940.45 2940.63 2940.57 2939.97 2938.52 2936.49 2932.01 2928.70 2924.86 2920.43 2913.94 2906.57 2899.34 2890.20 2878.13 2866.89 2858.40 2851.14 2843.42 2839.03 2835.74 2833.42 2832.24 2831.02 2829.80 2828.11 2827.03 2825.43 2824.19 2822.44 2812.41 2834.11 2850.23 2871.20 2887.38 2904.43 2918.90 2942.76 2979.04 3064.36 3080.91 3087.40 3167.56 3193.50 3209.86
3048.29 3044.34 3035.79 3023.16 3007.76 2994.99 2980.50 2968.78 2965.68 2956.60 2950.16 2947.53 2945.92 2945.83 2945.94 2945.18 2944.53 2943.18 2942.10 2941.86 2941.36 2940.85 2940.32 2940.98 2940.64 2939.43 2937.91 2934.73 2930.54 2926.22 2921.52 2914.28 2908.74 2902.85 2893.95 2884.93 2873.53 2861.37 2851.43 2844.11 2838.76 2832.02 2831.50 2830.64 2830.29 2829.71 2829.43 2828.98 2827.53 2826.44 2824.93 2823.62 2820.85 2819.85 2815.65 2831.91 2855.11 2875.45 2894.83 2914.27 2936.83 2990.37 3028.88 3089.89 3134.43 3135.95 3131.21
3066.68 3056.31 3044.10 3031.59 3016.38 2997.69 2979.84 2966.43 2963.80 2955.88 2950.99 2946.92 2944.70 2943.45 2944.06 2943.71 2944.71 2942.95 2942.49 2942.16 2942.29 2941.94 2941.73 2941.27 2939.77 2938.08 2935.36 2931.91 2928.09 2923.57 2917.94 2910.74 2903.02 2897.36 2888.76 2878.73 2868.21 2857.26 2847.04 2838.52 2834.89 2832.07 2831.20 2829.68 2828.46 2827.91 2827.75 2826.98 2826.88 2826.48 2825.54 2824.30 2822.90 2820.38 2817.43 2813.71 2814.43 2845.52 2866.67 2886.62 2903.34 2929.45 2975.15 3051.59 3058.39 3064.42 3062.90
3082.11 3065.53 3050.43 3035.93 3018.35 2998.41 2985.63 2972.62 2960.70 2954.02 2954.68 2952.79 2948.77 2945.23 2943.33 2942.54 2942.83 2943.38 2942.84 2942.59 2942.76 2942.95 2941.89 2940.63 2938.93 2936.70 2932.99 2928.68 2924.16 2918.50 2913.52 2906.45 2898.79 2891.60 2883.86 2873.09 2861.38 2851.25 2840.71 2832.85 2830.13 2827.72 2827.72 2828.04 2827.39 2827.13 2826.81 2826.88 2825.92 2824.87 2823.79 2823.60 2822.43 2821.06 2818.32 2813.10 2810.56 2796.86 2832.15 2851.31 2870.26 2894.37 2921.33 2956.61 2966.39 2974.21 2970.39
3086.80 3069.30 3053.24 3041.88 3025.91 3005.74 2991.50 2977.46 2965.04 2956.40 2953.86 2953.09 2951.34 2948.22 2944.30 2942.76 2941.97 2942.38 2943.11 2943.04 2942.77 2942.24 2941.39 2939.72 2937.13 2934.11 2930.31 2926.08 2919.51 2914.29 2907.46 2899.96 2892.11 2885.08 2877.50 2867.01 2856.87 2846.88 2838.32 2831.89 2828.28 2827.33 2825.62 2824.18 2825.05 2824.38 2824.08 2823.99 2823.99 2823.64 2822.54 2821.10 2819.77 2817.74 2815.88 2812.25 2808.07 2808.35 2810.11 2816.35 2833.66 2870.28 2891.07 2902.82 2909.72 2919.57 2922.05
3089.07 3072.24 3056.31 3048.78 3036.27 3015.42 2998.58 2986.55 2972.87 2964.11 2958.45 2954.84 2950.99 2946.59 2945.86 2942.85 2942.02 2941.53 2940.83 2941.62 2941.56 2940.57 2939.62 2937.86 2935.19 2931.37 2926.41 2922.28 2916.20 2909.88 2902.63 2894.99 2886.90 2879.77 2870.83 2860.63 2851.09 2842.81 2836.16 2830.95 2828.49 2827.48 2825.97 2825.07 2824.28 2823.40 2822.77 2821.71 2820.66 2820.21 2820.03 2819.28 2817.51 2815.07 2812.47 2809.88 2807.35 2806.23 2806.02 2801.43 2804.37 2844.93 2855.21 2866.85 2879.76 2887.69 2893.06
3096.32 3083.59 3073.56 3067.38 3049.15 3025.94 3007.26 2997.32 2984.58 2973.32 2967.61 2962.26 2952.97 2946.69 2941.71 2940.90 2941.49 2941.10 2940.20 2939.50 2938.68 2937.64 2935.56 2933.79 2931.56 2928.16 2922.13 2917.40 2912.30 2905.97 2899.80 2891.36 2882.84 2874.96 2865.71 2855.80 2847.82 2840.34 2834.45 2830.30 2828.59 2826.56 2825.25 2824.38 2823.11 2822.59 2821.56 2820.18 2818.44 2817.66 2816.79 2815.38 2813.91 2812.36 2810.20 2807.47 2805.68 2803.71 2802.30 2799.42 2797.57 2787.05 2810.08 2834.06 2850.16 2854.28 2863.32
3121.26 3114.57 3116.01 3115.97 3094.62 3058.61 3059.11 3048.83 3024.50 2996.66 2983.01 2970.61 2960.02 2948.11 2938.01 2935.17 2936.43 2937.03 2937.36 2937.20 2935.29 2933.03 2931.61 2929.03 2925.70 2922.49 2918.50 2911.95 2907.85 2901.20 2894.66 2886.89 2879.07 2871.27 2861.95 2853.32 2846.28 2840.36 2835.37 2831.57 2828.99 2826.97 2825.15 2823.56 2821.40 2820.34 2819.31 2818.32 2816.76 2815.48 2814.40 2812.43 2810.71 2808.88 2806.66 2805.22 2803.55 2801.82 2799.63 2797.47 2793.76 2786.63 2776.36 2781.83 2802.87 2818.88 2826.44
3176.15 3180.82 3182.92 3185.09 3165.63 3118.96 3108.98 3116.76 3067.43 3043.94 3019.86 2995.49 2977.95 2960.62 2941.72 2931.32 2929.13 2929.64 2930.39 2931.22 2930.62 2929.01 2927.04 2924.32 2920.36 2916.49 2912.47 2907.12 2901.50 2895.99 2889.24 2882.32 2875.14 2867.45 2858.68 2851.18 2846.02 2840.66 2836.54 2833.07 2829.32 2827.05 2824.07 2822.72 2820.25 2819.06 2816.71 2815.06 2814.03 2812.82 2812.01 2810.30 2807.63 2805.95 2804.22 2802.14 2800.97 2799.51 2797.82 2796.32 2792.28 2785.97 2776.31 2766.75 2762.59 2755.76 2760.34
3246.71 3233.23 3214.81 3195.06 3178.99 3161.87 3141.50 3125.61 3102.10 3070.45 3042.26 3014.72 2994.82 2973.60 2951.38 2937.16 2929.09 2923.99 2921.64 2922.07 2922.10 2921.60 2920.14 2917.46 2913.48 2909.96 2904.69 2901.05 2896.86 2890.78 2884.44 2878.32 2871.64 2864.18 2856.63 2849.61 2845.60 2841.15 2837.60 2834.10 2830.95 2828.45 2824.72 2822.44 2820.10 2817.77 2816.32 2813.91 2812.28 2810.39 2808.42 2806.65 2804.76 2802.72 2801.04 2799.74 2798.38 2796.79 2795.14 2793.68 2790.64 2784.60 2777.79 2769.30 2763.34 2760.14 2767.33
3262.36 3245.81 3224.19 3200.94 3183.05 3162.44 3140.74 3121.95 3100.55 3076.15 3052.30 3027.09 3007.05 2985.50 2961.64 2947.06 2937.34 2932.50 2926.85 2921.34 2917.88 2916.37 2914.12 2910.17 2905.88 2903.28 2898.80 2896.07 2891.57 2886.05 2880.76 2874.57 2868.07 2861.28 2854.70 2849.32 2844.76 2840.83 2838.87 2835.74 2832.20 2829.16 2825.85 2822.97 2819.99 2817.57 2815.31 2812.41 2810.53 2808.64 2806.30 2803.95 2802.08 2800.28 2798.64 2796.35 2794.58 2793.68 2792.64 2790.63 2787.90 2784.20 2779.03 2772.43 2766.57 2762.82 2762.49
3268.80 3253.99 3234.50 3212.58 3191.60 3170.33 3149.52 3130.78 3109.09 3085.80 3062.70 3042.70 3023.79 3004.36 2978.82 2962.44 2953.25 2944.62 2939.91 2932.16 2926.39 2923.01 2918.87 2914.62 2909.59 2904.77 2900.00 2895.28 2890.32 2885.88 2879.98 2872.69 2866.22 2858.91 2852.82 2848.07 2844.03 2840.78 2838.77 2834.20 2831.59 2827.87 2824.79 2821.82 2818.85 2816.04 2813.76 2811.55 2808.86 2806.71 2804.53 2801.74 2799.58 2797.55 2795.01 2793.20 2791.41 2789.40 2788.27 2786.82 2784.67 2782.08 2778.14 2773.47 2769.01 2764.89 2763.32
3276.52 3260.53 3243.09 3217.97 3196.79 3178.55 3161.45 3139.74 3117.45 3094.22 3074.24 3055.86 3036.89 3015.26 2994.99 2980.78 2968.50 2958.38 2950.51 2943.55 2935.16 2930.00 2925.61 2919.16 2914.71 2908.97 2902.66 2897.31 2891.73 2886.02 2879.73 2873.01 2867.02 2860.35 2854.30 2848.65 2844.20 2841.41 2838.52 2835.89 2832.79 2828.99 2825.72 2822.40 2819.46 2816.01 2812.46 2810.24 2806.57 2804.34 2802.48 2799.85 2797.19 2795.32 2792.63 2790.53 2788.44 2785.80 2784.73 2783.22 2781.16 2779.06 2776.61 2773.44 2770.11 2767.39 2763.82
3280.05 3262.96 3241.95 3218.20 3197.90 3179.78 3166.64 3146.17 3123.95 3102.17 3083.03 3065.39 3049.32 3027.51 3009.79 2997.35 2984.31 2972.73 2964.37 2957.01 2949.41 2942.87 2936.07 2929.46 2922.49 2915.44 2908.74 2903.10 2895.48 2886.65 2879.32 2872.78 2867.00 2861.11 2855.33 2849.49 2846.40 2843.03 2840.10 2838.31 2835.72 2832.00 2828.51 2824.59 2821.28 2818.23 2814.60 2811.61 2808.70 2806.22 2802.79 2799.60 2797.01 2794.41 2792.26 2789.12 2786.10 2784.05 2782.15 2779.63 2777.92 2775.89 2773.93 2771.89 2770.28 2768.15 2764.99
3279.72 3257.30 3236.48 3215.49 3195.85 3178.97 3166.57 3148.24 3127.07 3104.50 3083.44 3065.39 3051.15 3035.99 3021.98 3010.76 2999.26 2986.74 2978.70 2972.16 2964.69 2957.66 2948.61 2941.69 2931.32 2922.78 2915.20 2909.39 2899.57 2890.06 2881.62 2873.92 2866.15 2859.44 2855.39 2850.80 2848.98 2846.96 2844.34 2841.76 2838.52 2834.76 2831.52 2828.90 2824.93 2821.09 2817.37 2813.64 2810.76 2807.91 2804.76 2801.79 2798.91 2796.01 2792.78 2789.63 2787.30 2783.56 2780.71 2777.53 2775.25 2773.60 2771.24 2769.76 2768.86 2766.94 2764.19
3268.99 3246.65 3230.43 3214.20 3192.22 3174.43 3161.37 3146.98 3132.45 3108.00 3085.58 3068.81 3055.55 3043.29 3033.07 3023.95 3011.23 2999.18 2991.45 2985.42 2978.82 2970.79 2961.31 2951.12 2940.14 2929.89 2922.05 2914.79 2904.92 2893.51 2884.00 2875.29 2867.66 2863.00 2858.40 2854.27 2852.54 2850.51 2848.87 2845.06 2842.47 2839.69 2836.12 2831.20 2827.78 2824.82 2820.51 2815.77 2812.82 2810.64 2807.42 2805.03 2802.37 2799.15 2796.13 2792.80 2789.17 2784.98 2781.42 2777.32 2774.15 2771.33 2769.89 2768.00 2766.07 2764.10 2762.07
3249.24 3230.65 3219.90 3207.93 3189.30 3171.17 3158.49 3144.21 3128.78 3108.39 3087.67 3073.22 3062.91 3052.80 3045.18 3035.49 3022.99 3012.28 3003.18 2996.11 2989.44 2978.77 2968.95 2957.05 2946.98 2936.33 2928.38 2919.02 2908.54 2896.66 2887.09 2877.34 2870.49 2866.43 2863.09 2858.36 2856.71 2854.30 2850.37 2848.46 2847.81 2845.85 2840.00 2833.91 2829.00 2825.04 2821.73 2818.23 2815.40 2812.56 2809.57 2807.39 2805.01 2802.24 2799.45 2796.42 2792.86 2788.81 2784.13 2779.39 2774.87 2770.39 2766.95 2765.35 2762.98 2761.09 2758.95
3227.97 3215.35 3204.44 3195.27 3183.20 3166.30 3154.37 3141.26 3125.26 3107.75 3090.59 3080.20 3070.83 3062.06 3053.30 3044.14 3028.82 3016.67 3007.48 2999.16 2989.94 2981.91 2972.88 2959.83 2950.56 2940.62 2930.64 2921.27 2910.36 2897.36 2887.46 2877.03 2869.99 2865.40 2861.74 2856.03 2853.87 2852.25 2851.60 2851.62 2849.45 2842.76 2834.99 2828.84 2823.57 2820.47 2818.07 2816.35 2814.91 2812.79 2810.59 2808.97 2806.60 2804.61 2802.27 2799.49 2796.40 2792.38 2788.09 2782.53 2776.57 2771.36 2765.82 2762.25 2759.55 2757.22 2754.47
3219.91 3206.18 3194.41 3184.64 3173.45 3159.47 3145.66 3132.53 3118.36 3104.94 3094.49 3085.01 3076.28 3067.35 3056.80 3045.29 3031.62 3021.77 3012.50 3000.16 2990.24 2980.31 2972.72 2962.08 2950.53 2940.59 2933.73 2922.73 2910.95 2897.53 2885.63 2875.01 2867.38 2861.05 2857.23 2857.49 2857.72 2858.43 2856.86 2852.34 2846.30 2837.74 2829.05 2823.02 2818.45 2816.15 2813.58 2811.79 2810.80 2808.46 2807.40 2806.97 2806.46 2805.27 2803.87 2801.31 2798.48 2794.86 2790.25 2784.71 2778.56 2772.15 2765.98 2759.97 2755.66 2752.79 2750.63
3213.93 3200.78 3189.65 3178.85 3165.70 3152.37 3136.26 3124.12 3115.57 3105.76 3096.15 3087.23 3079.35 3071.20 3060.18 3047.51 3034.86 3024.38 3013.09 3000.78 2992.12 2983.32 2973.45 2962.86 2952.39 2951.84 2945.63 2930.43 2917.38 2902.66 2888.58 2875.76 2866.60 2866.07 2865.72 2863.36 2863.89 2864.15 2861.66 2857.51 2851.32 2843.88 2835.07 2826.32 2820.57 2818.30 2816.33 2813.66 2811.14 2809.45 2807.00 2805.24 2803.59 2803.42 2802.18 2801.00 2798.74 2794.93 2790.66 2785.03 2778.90 2771.99 2765.51 2758.56 2752.39 2747.49 2745.26
