data_raw/dem_fiescher_2009.asc
NCOLS       210
NROWS       270
XLLCORNER          647500.00
YLLCORNER          143000.00
CELLSIZE          50
NODATA_VALUE   -9999
[rows 0 to 28 of 270, columns 0 to 66 of 210]
3143.84 3244.97 3210.62 3182.74 3150.10 3089.72 3078.47 3061.88 3039.57 3023.92 3046.36 3064.27 3074.10 3030.03 2986.99 2961.74 2958.58 2966.14 2976.45 3017.33 3074.78 3111.05 3154.37 3214.60 3254.14 3285.47 3341.18 3413.15 3474.72 3587.93 3620.11 3592.43 3572.78 3549.58 3532.92 3517.26 3500.78 3486.33 3469.70 3445.48 3419.33 3390.35 3367.97 3340.77 3318.14 3315.43 3314.24 3300.68 3273.40 3247.85 3206.25 3172.43 3140.65 3102.76 3088.65 3065.06 2998.57 2974.39 2966.99 2965.95 2989.52 3027.05 3063.19 3043.57 3019.03 3001.62 2977.39
3349.01 3317.45 3279.97 3232.33 3175.28 3163.33 3157.08 3126.36 3100.38 3106.62 3134.47 3168.61 3163.51 3141.30 3110.11 3064.45 3042.95 3052.43 3059.65 3105.66 3145.16 3173.69 3201.88 3254.05 3306.82 3359.78 3411.77 3463.38 3542.98 3670.30 3637.83 3612.70 3592.60 3571.78 3551.71 3532.58 3516.26 3499.82 3482.25 3463.47 3437.89 3418.18 3399.84 3383.52 3356.02 3344.41 3321.62 3300.82 3278.31 3251.40 3219.43 3192.79 3168.21 3131.94 3096.25 3086.74 3072.56 3030.54 3010.82 3035.58 3067.15 3089.57 3083.91 3064.55 3034.53 3020.66 2995.03
3412.92 3393.04 3353.07 3299.60 3265.68 3289.64 3262.16 3231.49 3213.87 3208.12 3232.68 3243.56 3233.32 3229.74 3193.68 3157.74 3146.03 3133.24 3145.09 3172.63 3228.90 3258.20 3264.15 3293.95 3352.32 3423.37 3473.34 3537.40 3658.67 3708.30 3665.10 3634.36 3610.25 3588.10 3568.70 3551.16 3531.03 3512.28 3492.71 3473.20 3456.60 3434.58 3421.50 3398.34 3371.62 3349.41 3324.41 3305.83 3284.88 3255.02 3234.15 3212.22 3195.26 3164.83 3115.59 3105.74 3104.87 3085.53 3086.51 3111.55 3118.84 3114.88 3098.67 3082.76 3053.84 3034.69 3015.62
3477.28 3458.29 3434.43 3409.56 3390.68 3386.36 3380.32 3370.07 3350.06 3338.16 3336.76 3324.82 3318.37 3290.97 3240.10 3214.60 3228.55 3222.56 3219.60 3261.72 3289.16 3307.68 3322.67 3349.03 3416.35 3465.82 3513.06 3630.28 3759.80 3749.84 3705.88 3665.99 3631.09 3609.37 3588.36 3574.18 3552.83 3527.27 3502.59 3482.56 3466.82 3446.07 3426.63 3393.79 3369.08 3350.97 3331.34 3311.02 3292.28 3272.50 3247.64 3233.70 3218.35 3203.75 3172.77 3156.67 3145.35 3148.77 3160.74 3154.37 3143.31 3127.60 3110.73 3090.63 3069.45 3047.88 3031.05
3551.86 3521.64 3504.19 3491.00 3471.21 3450.43 3443.16 3447.88 3426.52 3401.78 3403.13 3410.90 3388.96 3333.37 3287.28 3277.63 3295.35 3287.61 3286.34 3307.11 3333.04 3361.16 3385.90 3426.03 3473.07 3535.16 3651.61 3829.01 3828.21 3782.35 3745.97 3706.48 3666.54 3639.65 3613.59 3587.89 3567.10 3540.97 3515.87 3495.93 3473.89 3448.41 3417.30 3389.82 3370.40 3352.16 3333.57 3317.68 3302.09 3289.70 3273.95 3256.85 3246.97 3231.87 3222.39 3208.32 3191.50 3188.96 3177.72 3163.28 3147.05 3129.92 3112.22 3090.97 3073.01 3060.34 3043.42
3602.70 3578.80 3563.32 3549.38 3529.29 3511.04 3502.71 3496.08 3494.97 3481.49 3486.60 3499.74 3469.28 3393.36 3353.87 3351.49 3371.23 3370.19 3355.95 3368.51 3400.12 3432.99 3465.16 3471.46 3490.74 3639.95 3808.21 3878.09 3858.16 3822.14 3782.01 3743.56 3701.75 3664.57 3637.82 3610.99 3593.28 3572.04 3550.18 3520.75 3481.80 3440.30 3416.11 3398.39 3377.77 3363.67 3342.28 3324.71 3310.65 3297.69 3281.88 3266.46 3257.82 3251.23 3244.83 3232.22 3217.20 3206.80 3193.33 3173.48 3158.97 3141.40 3122.21 3103.09 3086.13 3077.63 3069.87
3679.93 3657.26 3640.18 3608.93 3587.73 3571.40 3561.37 3556.19 3556.10 3556.77 3564.15 3563.97 3543.06 3489.75 3452.62 3460.43 3479.72 3479.25 3473.67 3483.67 3531.68 3522.10 3522.18 3570.23 3694.33 3834.38 3847.81 3822.47 3808.70 3797.12 3801.14 3793.58 3739.34 3710.16 3689.82 3669.75 3635.09 3589.88 3552.54 3516.90 3483.62 3447.21 3421.86 3408.12 3390.99 3370.78 3351.94 3333.72 3325.46 3311.51 3286.12 3285.03 3280.19 3275.72 3261.61 3244.43 3229.93 3218.73 3211.11 3200.38 3190.51 3186.32 3170.88 3164.64 3164.87 3158.55 3141.91
3745.32 3721.44 3704.56 3669.80 3646.55 3629.38 3622.73 3618.14 3613.32 3628.70 3635.49 3635.64 3599.93 3558.92 3543.39 3566.23 3576.73 3588.82 3631.20 3628.15 3636.30 3617.30 3639.47 3760.24 3825.44 3801.78 3783.27 3767.10 3753.96 3745.64 3745.89 3775.57 3787.28 3768.98 3739.01 3701.46 3650.20 3583.60 3545.65 3514.26 3484.63 3450.86 3427.58 3413.72 3398.09 3381.94 3369.33 3356.67 3355.86 3347.87 3321.82 3308.82 3315.07 3302.78 3274.81 3257.14 3245.88 3237.86 3233.33 3243.65 3256.44 3270.08 3260.39 3236.00 3206.11 3184.91 3170.14
3784.36 3768.56 3755.88 3726.26 3706.45 3699.30 3700.88 3687.53 3674.15 3692.90 3709.54 3707.82 3685.51 3648.34 3629.27 3653.57 3691.75 3715.06 3735.71 3712.97 3749.23 3769.44 3806.72 3805.28 3780.45 3757.56 3745.26 3734.17 3725.11 3717.31 3714.22 3712.16 3775.52 3783.05 3741.56 3702.26 3657.19 3622.39 3560.30 3522.33 3483.70 3454.35 3435.73 3423.11 3408.78 3404.32 3404.76 3394.82 3400.42 3414.45 3386.70 3369.72 3358.37 3339.55 3308.45 3288.94 3275.30 3276.22 3284.19 3308.22 3315.58 3288.47 3267.19 3245.28 3220.23 3198.84 3187.13
3833.47 3827.80 3812.07 3798.35 3796.45 3782.39 3776.48 3753.34 3749.92 3778.73 3816.93 3827.36 3805.62 3780.71 3731.63 3755.86 3789.98 3815.34 3828.91 3814.67 3824.55 3823.02 3812.32 3787.93 3768.21 3752.48 3736.16 3724.31 3713.60 3705.16 3697.07 3684.87 3680.97 3714.51 3724.28 3696.79 3674.23 3647.17 3596.92 3540.36 3499.25 3472.76 3455.63 3441.76 3430.39 3426.03 3434.61 3451.41 3464.25 3467.49 3433.10 3406.58 3393.50 3384.93 3370.27 3352.29 3337.47 3339.61 3363.21 3358.12 3317.86 3292.04 3275.66 3255.57 3232.30 3215.35 3199.92
3861.47 3887.74 3879.88 3868.97 3853.85 3833.64 3839.08 3847.75 3857.71 3883.75 3886.64 3884.41 3885.05 3866.30 3847.03 3853.84 3873.24 3860.21 3853.05 3846.50 3834.06 3821.17 3805.44 3790.00 3770.91 3752.60 3735.43 3722.26 3711.54 3702.25 3689.72 3674.36 3656.79 3646.47 3671.50 3685.67 3685.78 3669.11 3633.53 3575.78 3534.19 3503.78 3484.52 3466.93 3458.26 3458.11 3472.40 3502.15 3528.83 3519.35 3477.57 3449.60 3427.71 3425.95 3431.55 3427.74 3410.85 3417.85 3414.31 3364.27 3330.70 3307.42 3289.90 3274.89 3253.46 3248.31 3243.39
3844.85 3899.86 3922.21 3914.47 3895.98 3889.80 3902.24 3902.59 3901.18 3899.26 3893.16 3890.37 3887.72 3884.31 3880.81 3878.14 3871.16 3861.69 3854.46 3845.46 3832.39 3820.78 3806.89 3791.48 3773.66 3753.85 3735.15 3719.26 3708.18 3698.47 3686.48 3668.18 3649.28 3639.56 3640.86 3651.83 3668.91 3699.40 3684.23 3646.21 3586.87 3562.81 3540.84 3524.62 3512.13 3512.93 3540.12 3570.12 3592.07 3557.89 3523.00 3498.40 3486.17 3488.81 3500.40 3494.55 3490.41 3489.02 3433.97 3381.15 3350.55 3330.37 3312.30 3297.18 3288.43 3282.28 3274.79
3819.50 3862.62 3899.09 3944.55 3955.09 3949.11 3930.40 3914.62 3909.18 3905.68 3901.35 3897.68 3894.58 3890.86 3886.50 3880.66 3870.79 3862.73 3855.59 3847.06 3835.43 3823.50 3811.11 3795.19 3777.29 3756.39 3734.08 3714.26 3703.03 3692.83 3682.11 3662.21 3644.60 3630.35 3631.40 3629.30 3621.12 3640.64 3674.34 3709.43 3709.26 3683.95 3645.20 3631.24 3605.03 3621.56 3663.22 3681.05 3653.61 3607.54 3573.92 3554.75 3549.95 3553.65 3569.56 3568.46 3567.17 3515.34 3453.33 3400.42 3370.99 3349.01 3332.95 3321.06 3306.73 3295.24 3289.30
3787.30 3827.96 3897.04 3973.70 4009.65 3989.38 3948.52 3925.30 3916.66 3911.42 3908.09 3903.70 3899.47 3894.68 3889.44 3883.35 3874.69 3865.14 3857.54 3848.69 3839.74 3828.10 3816.01 3800.64 3782.60 3761.32 3735.63 3714.83 3700.31 3687.89 3673.36 3653.32 3636.01 3623.88 3624.01 3620.89 3607.24 3602.25 3616.41 3663.37 3696.10 3719.14 3724.85 3723.55 3714.39 3719.87 3730.46 3730.51 3700.18 3658.00 3639.95 3639.99 3638.12 3643.97 3653.60 3646.75 3593.14 3531.42 3469.46 3412.60 3385.17 3366.57 3350.24 3340.56 3326.55 3311.42 3303.04
3773.23 3839.60 3903.28 3947.01 4007.07 4026.55 3972.31 3937.73 3923.97 3916.42 3912.16 3908.70 3902.78 3897.14 3891.47 3884.90 3877.74 3868.75 3861.16 3852.75 3845.94 3834.74 3822.43 3808.95 3789.85 3768.80 3741.76 3722.58 3703.93 3685.65 3667.31 3647.38 3629.80 3622.35 3618.11 3607.90 3598.02 3587.44 3580.00 3586.24 3632.09 3692.73 3716.11 3730.54 3743.06 3748.43 3747.90 3748.85 3739.98 3714.86 3704.74 3700.01 3704.60 3705.18 3703.27 3674.69 3621.24 3555.13 3485.27 3424.96 3395.87 3377.80 3359.55 3347.90 3335.32 3324.81 3323.23
3775.24 3824.84 3864.79 3941.70 3994.84 4010.23 4005.93 3955.53 3932.25 3921.10 3915.54 3910.19 3904.86 3898.85 3892.88 3886.82 3880.67 3874.54 3865.85 3858.76 3850.86 3842.55 3830.64 3817.61 3798.37 3781.20 3757.03 3736.87 3714.01 3688.67 3666.57 3647.25 3631.66 3623.12 3612.34 3598.82 3588.14 3578.84 3565.03 3549.07 3570.65 3634.52 3671.05 3702.45 3734.06 3745.40 3743.48 3738.66 3736.35 3734.89 3729.11 3724.18 3715.35 3705.86 3699.87 3689.96 3636.88 3570.55 3504.90 3448.03 3415.08 3392.06 3369.90 3357.95 3347.76 3341.87 3344.51
3747.90 3792.05 3870.59 3913.23 3931.15 3973.31 3989.11 3974.83 3946.38 3926.41 3919.45 3913.07 3907.46 3900.95 3894.34 3889.55 3883.49 3878.14 3872.98 3865.93 3858.58 3849.52 3841.92 3829.03 3814.86 3798.83 3779.86 3752.84 3728.22 3705.10 3672.07 3648.39 3627.78 3615.93 3603.75 3589.63 3577.75 3566.86 3554.64 3536.89 3536.64 3572.91 3620.17 3670.16 3712.58 3731.69 3731.22 3725.33 3719.77 3719.79 3720.39 3716.62 3709.95 3700.45 3695.78 3693.70 3667.11 3590.07 3535.88 3474.51 3436.94 3414.48 3392.41 3381.58 3371.32 3368.12 3366.55
3725.72 3793.44 3861.31 3865.51 3875.54 3897.88 3924.45 3953.15 3956.03 3934.67 3923.51 3917.16 3910.78 3903.31 3897.62 3892.20 3888.18 3883.62 3878.80 3872.25 3867.10 3860.20 3853.20 3843.30 3828.77 3814.47 3797.22 3768.93 3735.42 3716.32 3677.01 3648.85 3619.55 3600.98 3592.89 3583.65 3570.95 3557.19 3545.02 3532.39 3524.63 3532.80 3568.99 3622.59 3683.35 3712.41 3712.86 3707.99 3705.46 3706.06 3708.46 3706.82 3701.53 3693.85 3688.18 3682.68 3676.25 3633.07 3561.00 3509.03 3473.48 3445.14 3424.30 3408.55 3398.32 3392.30 3392.90
3728.41 3793.40 3825.25 3831.15 3840.81 3852.10 3874.76 3903.20 3924.36 3936.04 3929.04 3921.33 3914.99 3905.39 3901.80 3895.96 3893.28 3889.98 3885.14 3879.80 3874.43 3869.63 3862.57 3854.93 3838.75 3814.58 3787.24 3760.00 3734.37 3710.71 3683.15 3647.39 3614.92 3586.78 3579.14 3574.03 3562.92 3548.40 3532.19 3522.98 3517.77 3513.44 3526.58 3572.54 3643.60 3685.01 3690.25 3685.97 3685.41 3689.49 3694.89 3696.60 3690.56 3682.56 3676.83 3673.45 3672.82 3670.76 3611.48 3546.18 3524.03 3507.22 3487.96 3463.11 3446.18 3431.66 3431.97
3733.45 3776.68 3784.79 3795.07 3807.66 3817.08 3827.09 3844.23 3871.49 3891.31 3923.30 3926.55 3918.14 3908.82 3904.43 3900.53 3898.26 3896.60 3893.01 3887.53 3882.40 3877.68 3871.81 3863.43 3843.75 3796.40 3754.18 3725.78 3702.51 3682.51 3658.31 3633.82 3603.94 3569.86 3562.20 3556.57 3547.97 3529.14 3515.76 3507.67 3504.55 3502.01 3498.86 3522.53 3592.46 3651.07 3666.47 3664.14 3667.17 3672.88 3683.14 3683.84 3676.85 3669.35 3664.04 3661.87 3662.01 3665.10 3653.01 3638.21 3619.43 3595.61 3563.66 3541.78 3520.20 3509.38 3512.17
3725.81 3741.96 3750.47 3769.18 3785.77 3792.60 3794.72 3797.58 3806.20 3843.36 3901.05 3936.81 3930.82 3917.43 3911.59 3907.43 3905.13 3904.07 3900.83 3894.82 3888.85 3883.68 3878.11 3869.88 3811.48 3761.55 3721.84 3689.91 3665.30 3649.61 3622.25 3593.45 3564.60 3532.94 3535.66 3532.45 3526.95 3507.30 3494.84 3489.28 3487.69 3475.22 3473.63 3494.69 3551.05 3611.84 3637.71 3634.77 3640.01 3654.08 3669.87 3667.95 3658.93 3654.86 3651.90 3649.84 3651.67 3656.14 3652.91 3651.93 3651.89 3659.60 3649.79 3613.89 3596.71 3598.12 3597.53
3711.05 3719.53 3723.55 3736.78 3758.41 3769.19 3772.55 3774.23 3782.88 3802.40 3876.32 3926.58 3958.93 3937.14 3924.40 3918.63 3914.12 3911.27 3907.95 3901.08 3893.63 3887.15 3881.45 3845.88 3779.04 3724.44 3685.64 3655.31 3633.17 3616.88 3589.64 3564.04 3527.93 3495.31 3505.56 3509.70 3496.65 3481.98 3470.25 3468.49 3465.72 3460.61 3451.69 3465.90 3505.05 3566.36 3604.65 3605.91 3610.09 3636.42 3654.93 3653.36 3644.97 3637.91 3635.58 3635.11 3637.90 3640.95 3643.62 3647.79 3652.51 3660.33 3668.14 3669.66 3666.32 3676.97 3684.82
3700.20 3705.51 3709.15 3715.89 3727.59 3739.45 3747.23 3752.00 3761.03 3783.18 3829.76 3913.38 3959.20 3976.22 3949.41 3936.35 3927.20 3918.78 3914.02 3906.47 3896.58 3888.22 3882.24 3798.68 3743.15 3705.19 3653.01 3623.09 3603.14 3586.53 3549.81 3533.97 3504.18 3474.24 3471.97 3471.65 3460.40 3450.30 3450.35 3456.55 3453.41 3446.65 3434.37 3436.75 3457.38 3515.06 3542.36 3567.64 3583.95 3613.53 3635.88 3633.65 3623.20 3617.11 3615.65 3615.90 3619.67 3624.66 3630.17 3640.29 3647.93 3656.32 3663.40 3665.56 3666.71 3676.66 3690.17
3684.34 3691.32 3698.26 3706.15 3712.81 3719.02 3727.65 3733.64 3739.63 3759.26 3820.42 3882.59 3954.64 3989.63 3980.24 3959.91 3946.49 3930.83 3919.99 3912.21 3899.76 3887.50 3847.79 3771.05 3714.43 3667.49 3622.78 3584.06 3563.61 3544.41 3511.65 3488.30 3476.64 3461.48 3450.95 3453.30 3445.78 3437.94 3436.57 3440.52 3438.69 3423.78 3413.36 3415.64 3423.12 3451.65 3487.18 3522.64 3550.18 3585.84 3612.91 3610.42 3598.34 3594.91 3592.97 3592.18 3596.47 3603.97 3614.46 3627.96 3639.43 3646.42 3650.90 3651.78 3651.03 3652.50 3661.49
3669.17 3677.95 3686.78 3696.44 3704.62 3709.12 3711.18 3715.42 3723.48 3748.85 3809.86 3866.83 3925.41 3965.68 3993.68 3978.03 3965.95 3948.81 3929.43 3916.49 3903.28 3886.59 3833.31 3735.32 3694.38 3644.93 3602.51 3550.14 3520.09 3509.76 3458.04 3425.93 3430.87 3432.57 3433.60 3428.23 3416.75 3410.14 3419.89 3419.89 3408.82 3401.25 3390.52 3392.49 3390.66 3424.24 3466.64 3494.28 3521.46 3560.06 3584.66 3576.47 3571.38 3572.53 3571.12 3568.57 3572.24 3577.20 3591.37 3613.69 3630.22 3636.18 3638.32 3638.75 3638.14 3639.14 3641.08
3654.80 3662.26 3671.94 3684.88 3693.72 3697.10 3694.68 3698.07 3710.03 3739.36 3789.92 3845.70 3894.26 3944.32 4004.16 4001.05 3975.93 3959.34 3939.49 3920.14 3903.81 3885.58 3846.36 3747.04 3658.72 3609.73 3567.80 3530.76 3482.14 3441.16 3407.28 3385.05 3379.65 3389.41 3401.55 3397.53 3397.18 3387.11 3396.50 3396.35 3397.48 3385.03 3369.72 3363.25 3373.16 3400.12 3438.05 3443.02 3490.00 3544.34 3556.66 3544.75 3546.01 3548.97 3547.03 3544.13 3546.15 3552.44 3565.73 3594.37 3618.30 3626.03 3627.45 3625.65 3624.12 3624.75 3626.19
3640.73 3647.53 3655.73 3668.75 3678.35 3682.47 3679.82 3681.54 3692.03 3720.36 3768.86 3823.05 3865.94 3914.39 3978.54 4008.07 3991.53 3956.59 3936.21 3913.04 3884.20 3869.51 3826.21 3754.38 3638.66 3577.72 3536.93 3499.65 3451.25 3404.69 3380.82 3368.88 3353.48 3346.95 3359.30 3360.69 3360.97 3352.15 3361.96 3364.86 3365.18 3360.82 3341.68 3333.99 3348.99 3379.97 3385.20 3406.32 3471.74 3527.44 3538.53 3528.89 3523.43 3523.98 3520.78 3520.07 3523.56 3526.76 3545.13 3584.09 3607.45 3612.60 3610.97 3607.89 3606.89 3608.43 3611.76
3624.55 3633.48 3642.43 3650.32 3659.87 3666.45 3666.04 3666.27 3671.99 3693.48 3756.28 3794.78 3842.07 3892.72 3946.01 3990.12 3963.20 3926.07 3894.77 3869.47 3832.64 3827.95 3799.28 3752.33 3678.99 3561.89 3511.01 3465.17 3415.40 3384.49 3369.46 3356.37 3343.54 3329.14 3316.93 3321.64 3327.40 3318.64 3321.51 3320.93 3327.56 3328.64 3312.63 3307.27 3324.46 3354.41 3362.56 3390.46 3463.12 3503.29 3513.26 3509.72 3499.93 3491.59 3492.85 3493.46 3497.64 3502.03 3522.36 3562.05 3590.80 3596.18 3591.02 3587.82 3587.51 3587.90 3594.97
3608.04 3618.79 3624.15 3631.20 3643.37 3651.77 3652.02 3652.91 3656.85 3676.61 3731.13 3775.21 3822.84 3868.78 3919.60 3974.75 3942.46 3889.16 3852.14 3823.82 3796.88 3764.79 3750.49 3718.21 3676.46 3597.86 3510.97 3441.88 3398.65 3373.74 3360.11 3347.51 3332.20 3320.03 3306.39 3297.01 3298.01 3294.75 3290.22 3285.47 3284.87 3291.80 3287.84 3286.54 3300.79 3324.14 3339.46 3364.33 3437.40 3477.73 3477.40 3467.09 3474.87 3464.88 3463.32 3467.78 3467.14 3474.60 3494.43 3527.05 3566.12 3575.99 3569.45 3563.12 3563.16 3567.21 3576.37
