data_raw/dem_fiescher_2009.asc
NCOLS       210
NROWS       270
XLLCORNER          647500.00
YLLCORNER          143000.00
CELLSIZE          50
NODATA_VALUE   -9999
[rows 0 to 28 of 270, columns 134 to 200 of 210]
2729.15 2730.74 2719.58 2713.15 2715.41 2721.62 2733.60 2751.65 2767.80 2787.10 2814.48 2849.56 2890.44 2926.77 2961.93 2991.36 2999.96 2988.85 2971.45 2955.12 2942.00 2932.00 2910.89 2880.78 2844.65 2809.87 2768.40 2721.18 2661.43 2663.79 2614.87 2557.13 2513.72 2494.43 2485.82 2480.24 2477.47 2479.95 2481.40 2475.05 2469.47 2468.72 2466.90 2463.75 2461.12 2458.15 2456.82 2452.99 2448.10 2443.70 2440.88 2439.74 2442.82 2442.16 2438.43 2441.95 2439.85 2434.86 2435.14 2429.13 2434.88 2448.73 2472.93 2512.65 2555.08 2601.24 2644.56
2716.40 2725.54 2722.98 2713.08 2708.51 2713.60 2720.72 2736.65 2749.32 2770.68 2796.52 2823.32 2867.45 2909.46 2939.72 2964.62 2974.52 2964.51 2946.76 2931.88 2918.11 2910.97 2889.80 2853.16 2812.78 2765.97 2719.93 2676.50 2616.37 2607.40 2546.16 2512.86 2496.57 2489.40 2484.10 2481.55 2485.63 2490.28 2483.39 2475.32 2473.22 2472.26 2469.40 2466.36 2462.52 2460.68 2460.91 2452.83 2446.34 2444.49 2445.45 2445.91 2445.30 2441.34 2444.62 2441.62 2436.57 2441.43 2438.17 2433.02 2443.33 2469.61 2510.19 2551.36 2593.95 2636.32 2678.37
2705.25 2712.89 2723.09 2713.53 2703.82 2706.07 2711.33 2718.68 2730.97 2751.41 2773.21 2797.80 2841.08 2886.18 2917.80 2937.80 2948.18 2940.55 2921.33 2905.10 2891.90 2880.78 2857.83 2825.25 2788.40 2742.22 2691.22 2631.89 2574.22 2551.26 2508.67 2496.57 2490.62 2487.16 2487.97 2493.18 2495.22 2487.80 2481.12 2478.27 2477.35 2474.98 2471.43 2467.39 2465.32 2466.61 2460.43 2451.13 2447.47 2448.15 2449.97 2449.26 2445.20 2448.45 2445.85 2438.79 2440.30 2445.40 2446.36 2443.97 2468.61 2514.65 2557.26 2594.86 2633.67 2677.28 2713.78
2699.38 2699.99 2714.70 2715.75 2702.02 2697.60 2698.76 2702.01 2711.55 2725.18 2747.74 2775.88 2809.56 2851.17 2890.23 2911.54 2921.24 2917.08 2896.26 2877.27 2864.89 2844.64 2825.11 2789.37 2756.92 2718.32 2661.90 2602.14 2545.66 2516.90 2503.02 2496.73 2491.77 2493.44 2496.61 2499.66 2490.34 2485.57 2483.30 2482.17 2480.22 2476.68 2472.39 2469.07 2470.67 2464.70 2456.26 2451.48 2451.35 2453.43 2452.77 2448.43 2452.80 2449.95 2442.91 2441.38 2445.36 2450.26 2457.08 2464.05 2505.20 2550.84 2594.84 2635.65 2675.57 2712.98 2744.38
2697.39 2692.94 2698.46 2709.36 2704.78 2693.70 2688.59 2689.02 2693.02 2703.50 2727.39 2750.43 2782.14 2820.74 2856.13 2882.89 2892.15 2892.55 2870.07 2852.93 2836.68 2816.16 2789.80 2749.58 2714.80 2672.77 2617.02 2549.87 2516.81 2507.17 2503.42 2500.28 2499.15 2503.86 2500.53 2494.18 2490.57 2488.32 2486.43 2484.34 2481.22 2478.54 2475.58 2473.24 2469.92 2459.16 2456.14 2456.35 2458.35 2457.67 2453.30 2457.55 2456.00 2447.95 2444.70 2444.60 2448.43 2454.50 2466.90 2483.65 2524.08 2572.69 2619.82 2662.26 2701.90 2734.90 2768.10
2695.27 2690.05 2686.08 2696.19 2702.50 2694.59 2685.61 2679.42 2679.44 2685.60 2700.67 2727.91 2754.51 2790.83 2829.08 2849.14 2854.58 2853.85 2838.74 2823.20 2809.78 2777.20 2726.73 2687.68 2643.28 2591.16 2555.19 2519.59 2511.57 2507.23 2506.96 2508.07 2508.12 2500.70 2497.92 2496.46 2494.03 2490.95 2488.51 2484.93 2480.75 2476.87 2473.04 2469.00 2464.64 2459.77 2460.45 2462.07 2460.58 2456.70 2459.50 2458.45 2453.31 2450.18 2450.24 2448.40 2454.25 2460.56 2474.43 2494.70 2519.28 2561.30 2613.58 2667.22 2712.51 2745.99 2780.11
2691.88 2686.28 2680.92 2681.47 2689.10 2692.03 2684.69 2676.78 2671.64 2674.30 2682.98 2698.76 2728.95 2763.51 2796.38 2814.12 2816.65 2815.55 2807.22 2779.17 2758.25 2719.37 2669.75 2624.82 2577.33 2545.44 2526.62 2516.97 2512.42 2510.02 2513.01 2511.55 2505.93 2503.50 2502.03 2499.43 2496.22 2492.85 2489.26 2484.78 2480.29 2475.75 2471.27 2467.05 2464.00 2464.91 2467.07 2462.55 2460.68 2462.49 2459.08 2455.25 2453.85 2456.12 2453.78 2454.31 2461.93 2471.40 2483.05 2508.38 2527.60 2552.38 2592.30 2651.28 2700.30 2740.12 2782.39
2689.78 2684.13 2678.50 2674.62 2677.36 2682.24 2680.54 2673.41 2665.30 2662.13 2661.83 2674.79 2694.68 2730.89 2759.48 2767.68 2771.61 2770.39 2753.38 2717.79 2690.52 2658.76 2620.11 2579.75 2550.47 2533.10 2524.85 2519.80 2518.89 2520.09 2516.84 2511.52 2509.59 2507.45 2504.49 2500.72 2497.11 2493.13 2488.99 2484.51 2480.02 2475.27 2471.08 2469.48 2468.81 2470.44 2465.37 2463.39 2465.64 2461.98 2458.06 2455.56 2458.53 2462.53 2462.55 2466.09 2473.34 2489.14 2508.64 2535.07 2555.97 2575.39 2593.35 2632.35 2680.40 2724.58 2771.32
2687.40 2682.28 2676.24 2669.99 2669.82 2671.51 2671.57 2666.93 2661.50 2654.07 2648.12 2648.15 2658.70 2684.55 2707.32 2713.29 2715.61 2713.46 2690.22 2661.86 2630.45 2608.80 2581.82 2556.56 2539.04 2532.38 2528.52 2528.58 2528.28 2522.66 2518.53 2516.03 2513.13 2509.63 2506.32 2502.07 2497.68 2493.39 2488.99 2484.05 2479.20 2475.22 2474.65 2473.53 2470.95 2466.49 2465.55 2467.34 2465.26 2461.03 2458.10 2458.39 2463.83 2471.78 2476.17 2481.02 2490.07 2517.28 2542.43 2570.65 2588.32 2605.14 2624.70 2636.55 2672.50 2713.05 2758.52
2685.02 2679.65 2673.35 2666.78 2662.32 2661.42 2659.65 2656.76 2654.34 2649.76 2641.62 2635.32 2636.08 2644.41 2648.35 2644.86 2644.61 2641.10 2628.16 2616.25 2588.82 2574.27 2561.67 2546.98 2541.00 2538.41 2537.90 2535.90 2529.50 2525.02 2522.49 2519.10 2515.35 2511.53 2507.43 2502.71 2498.36 2494.35 2489.60 2483.74 2479.20 2478.22 2474.63 2470.25 2468.25 2469.62 2470.23 2468.37 2464.43 2460.88 2460.27 2464.21 2473.43 2482.88 2492.48 2503.11 2512.78 2545.02 2570.64 2601.10 2630.93 2639.53 2658.38 2667.73 2680.49 2710.78 2745.37
2683.32 2677.01 2670.72 2664.22 2658.00 2654.10 2650.95 2646.71 2644.30 2643.78 2637.73 2627.46 2624.65 2618.87 2617.34 2618.57 2617.19 2608.88 2595.52 2583.25 2571.03 2564.21 2555.79 2549.80 2546.72 2545.35 2542.50 2536.64 2532.02 2528.68 2524.89 2520.69 2516.57 2512.45 2508.27 2504.28 2499.93 2494.71 2489.36 2484.92 2482.71 2479.19 2472.28 2471.30 2472.28 2472.95 2471.16 2467.85 2464.89 2466.03 2471.28 2486.25 2495.13 2504.30 2515.06 2526.49 2542.87 2590.23 2604.56 2630.21 2661.75 2673.84 2686.95 2696.92 2705.36 2721.86 2749.28
2680.70 2674.18 2667.78 2661.18 2655.07 2648.88 2643.72 2638.50 2634.97 2634.04 2632.07 2623.13 2616.29 2611.80 2608.86 2608.88 2602.46 2591.65 2581.43 2573.17 2565.78 2558.66 2555.03 2553.15 2551.53 2548.12 2542.67 2537.93 2534.37 2530.78 2526.75 2522.47 2518.91 2514.88 2510.86 2506.57 2501.11 2495.80 2491.28 2486.80 2479.70 2476.55 2475.94 2475.99 2476.18 2473.48 2470.20 2468.53 2471.19 2479.38 2503.28 2527.34 2535.92 2537.66 2548.91 2559.72 2573.22 2625.21 2649.87 2654.60 2679.32 2701.12 2712.52 2725.87 2734.82 2744.05 2771.14
2679.73 2672.88 2666.05 2659.10 2652.69 2646.20 2639.73 2633.28 2627.88 2624.57 2621.73 2617.61 2614.00 2606.80 2601.64 2598.57 2590.32 2583.46 2576.37 2569.82 2562.73 2558.32 2558.90 2555.50 2549.81 2546.70 2543.25 2539.65 2535.98 2532.13 2528.25 2525.00 2521.78 2518.10 2513.54 2508.32 2503.61 2499.77 2492.00 2485.15 2481.87 2481.30 2480.62 2479.29 2476.23 2473.51 2474.45 2477.84 2485.90 2501.95 2528.59 2555.13 2568.80 2574.94 2589.42 2598.78 2614.14 2646.31 2677.16 2689.57 2711.87 2729.33 2744.19 2756.81 2760.94 2767.95 2788.30
2681.01 2672.97 2665.11 2657.11 2650.26 2643.85 2636.90 2629.26 2622.65 2617.85 2614.26 2611.40 2604.36 2602.65 2600.61 2599.62 2594.03 2588.42 2582.73 2574.76 2566.23 2561.55 2557.24 2553.38 2549.61 2546.65 2543.43 2540.12 2536.52 2533.13 2530.59 2528.55 2525.26 2521.15 2516.02 2512.23 2507.86 2499.72 2494.67 2491.88 2490.80 2486.88 2483.38 2478.95 2476.33 2477.28 2484.49 2492.66 2504.85 2524.75 2556.95 2583.75 2611.82 2619.58 2630.19 2641.23 2665.26 2683.10 2707.78 2726.82 2747.20 2761.48 2775.49 2784.18 2787.02 2793.70 2808.85
2687.80 2675.92 2664.54 2654.78 2647.59 2640.41 2633.06 2625.08 2617.98 2612.88 2608.99 2605.12 2598.81 2591.01 2589.86 2593.85 2591.40 2585.49 2580.06 2571.90 2565.38 2560.23 2556.62 2553.69 2550.88 2547.57 2544.03 2540.89 2538.32 2535.55 2534.39 2532.05 2528.87 2524.61 2521.52 2516.07 2508.68 2504.91 2503.33 2499.71 2495.99 2490.01 2483.15 2479.00 2479.12 2485.47 2498.70 2512.05 2528.88 2559.38 2588.53 2620.29 2656.70 2658.93 2663.14 2682.01 2698.57 2718.66 2741.44 2764.25 2781.61 2795.38 2808.72 2814.22 2815.42 2822.38 2838.94
2697.12 2680.11 2665.75 2654.20 2645.15 2636.71 2629.11 2621.34 2613.95 2607.83 2603.18 2599.72 2596.15 2590.70 2586.70 2585.10 2584.22 2579.51 2572.73 2567.78 2563.91 2560.76 2557.96 2554.70 2550.88 2547.32 2544.41 2543.02 2540.49 2539.14 2538.12 2535.45 2532.34 2529.86 2524.83 2517.89 2513.33 2512.62 2510.35 2507.23 2501.35 2493.48 2486.98 2486.06 2494.10 2505.13 2520.05 2534.88 2562.87 2594.93 2624.99 2659.22 2692.97 2693.50 2698.93 2712.89 2728.46 2753.64 2773.80 2796.54 2813.78 2830.45 2844.33 2847.74 2847.45 2857.41 2885.11
2712.27 2686.38 2665.45 2653.11 2643.49 2634.07 2625.47 2617.61 2610.53 2603.43 2598.96 2596.64 2593.95 2589.70 2586.58 2583.87 2581.35 2577.71 2571.89 2568.49 2565.45 2562.27 2558.77 2554.60 2550.54 2547.80 2546.69 2545.52 2543.97 2542.95 2541.35 2538.86 2536.19 2532.53 2526.63 2522.90 2520.24 2518.48 2515.74 2513.12 2509.33 2503.64 2500.28 2513.75 2523.12 2533.67 2550.37 2573.88 2597.29 2626.74 2658.58 2689.01 2720.53 2729.60 2735.05 2748.72 2761.14 2788.33 2806.26 2819.73 2838.18 2859.13 2870.82 2876.31 2879.56 2898.97 2940.93
2739.45 2704.91 2674.64 2655.08 2639.69 2629.05 2621.35 2613.35 2605.86 2600.03 2596.92 2594.05 2591.45 2589.10 2586.59 2584.16 2582.04 2580.07 2575.45 2570.11 2566.36 2562.70 2558.94 2554.74 2551.17 2550.08 2549.53 2549.40 2547.71 2546.25 2543.97 2541.65 2537.95 2533.18 2531.47 2529.37 2527.47 2523.41 2520.83 2521.89 2522.87 2523.48 2535.70 2554.10 2563.10 2578.40 2598.37 2621.86 2649.58 2669.52 2693.84 2724.90 2756.47 2770.57 2772.51 2782.05 2797.95 2823.05 2831.40 2841.75 2861.71 2880.52 2892.18 2902.48 2915.43 2943.28 2973.47
2782.58 2732.68 2694.57 2666.97 2638.69 2623.86 2615.93 2609.27 2601.86 2598.52 2596.24 2593.55 2590.85 2589.00 2586.98 2584.89 2582.60 2580.30 2575.65 2570.29 2566.21 2562.36 2558.58 2555.24 2554.20 2553.95 2553.62 2552.74 2551.03 2548.85 2546.52 2543.30 2538.66 2537.37 2537.60 2536.30 2532.25 2528.31 2528.82 2533.44 2543.47 2552.32 2572.34 2589.72 2606.97 2622.13 2637.78 2656.14 2681.34 2704.71 2733.22 2771.24 2799.80 2808.80 2807.13 2815.52 2836.85 2848.45 2853.36 2870.50 2892.43 2909.97 2918.07 2927.50 2944.01 2982.05 3019.26
2811.98 2749.68 2727.27 2691.62 2648.07 2625.68 2615.19 2607.28 2599.99 2597.24 2595.46 2593.64 2591.67 2589.47 2586.72 2584.11 2581.60 2578.82 2574.28 2569.46 2565.48 2561.62 2558.88 2558.72 2558.31 2557.99 2557.23 2555.65 2553.83 2551.32 2548.02 2543.10 2540.86 2542.67 2542.60 2541.20 2537.98 2537.45 2541.80 2550.98 2565.55 2583.14 2601.13 2620.27 2641.60 2657.10 2673.74 2693.46 2712.92 2743.35 2784.07 2817.51 2836.13 2845.41 2842.62 2849.29 2866.04 2869.82 2879.07 2900.25 2918.58 2932.76 2945.92 2963.14 2978.83 3005.88 3057.80
2827.25 2793.85 2764.64 2715.28 2664.55 2637.90 2624.92 2613.05 2603.28 2597.41 2593.99 2591.98 2590.24 2588.71 2586.11 2583.22 2580.35 2576.25 2572.08 2568.35 2564.73 2562.04 2561.30 2561.64 2561.65 2561.35 2560.11 2558.58 2556.33 2552.65 2548.30 2545.20 2545.77 2548.03 2547.24 2544.86 2547.65 2552.40 2562.53 2576.14 2594.61 2609.61 2628.98 2651.01 2680.06 2699.27 2716.95 2738.30 2759.70 2783.11 2823.03 2854.41 2869.89 2885.97 2879.75 2881.72 2897.13 2899.90 2916.02 2937.07 2946.30 2953.63 2971.58 3001.73 3021.35 3038.53 3068.08
2866.30 2834.88 2781.13 2734.30 2691.59 2657.20 2637.27 2620.24 2609.19 2599.28 2595.08 2591.13 2588.24 2586.22 2584.34 2582.08 2578.71 2573.87 2569.63 2567.25 2565.28 2564.91 2564.30 2564.43 2564.66 2564.21 2562.83 2561.12 2557.45 2552.40 2549.40 2549.63 2550.75 2552.78 2550.38 2550.58 2557.45 2568.55 2581.74 2595.37 2615.40 2638.98 2657.81 2683.49 2713.75 2749.69 2783.50 2810.08 2823.72 2843.80 2874.47 2895.75 2907.90 2924.47 2924.40 2925.18 2926.24 2930.55 2954.68 2964.72 2970.72 2979.45 2996.60 3023.49 3041.00 3053.76 3087.05
2854.16 2816.79 2775.28 2740.28 2704.14 2666.50 2646.64 2629.02 2614.45 2603.23 2596.69 2591.70 2588.40 2585.77 2582.78 2580.17 2576.47 2572.23 2569.06 2567.73 2568.12 2568.10 2567.38 2567.20 2567.63 2566.94 2565.20 2562.13 2558.76 2555.81 2553.85 2555.43 2557.00 2556.87 2555.80 2558.01 2567.63 2585.40 2599.63 2617.05 2641.93 2664.70 2690.96 2713.35 2747.53 2787.28 2826.35 2857.64 2881.72 2899.26 2920.27 2938.03 2944.54 2959.37 2965.30 2959.74 2957.93 2966.55 2978.28 2988.20 2994.03 3003.35 3031.05 3053.01 3062.43 3072.43 3107.13
2842.76 2813.09 2776.39 2738.39 2704.44 2670.68 2648.31 2631.64 2617.19 2607.92 2599.95 2595.05 2590.55 2587.23 2584.06 2580.78 2577.53 2574.32 2571.05 2570.03 2570.70 2570.99 2570.05 2569.92 2570.32 2569.55 2566.63 2563.31 2561.43 2560.75 2558.95 2561.35 2563.28 2562.38 2564.02 2568.35 2583.87 2605.63 2621.71 2640.81 2663.20 2686.36 2709.40 2737.40 2767.89 2808.75 2850.13 2886.88 2923.75 2948.45 2965.09 2983.60 2987.79 3000.50 3019.36 3004.28 2994.88 3000.35 3008.01 3017.75 3028.76 3047.67 3068.32 3082.04 3090.37 3099.69 3135.34
2841.27 2814.54 2774.33 2732.72 2700.70 2671.08 2652.78 2635.49 2621.05 2611.91 2603.45 2597.99 2593.44 2589.74 2586.64 2583.73 2581.41 2578.14 2573.77 2572.63 2573.21 2573.50 2572.45 2572.35 2572.55 2570.73 2567.76 2565.57 2565.55 2565.96 2565.79 2567.43 2568.87 2572.07 2576.78 2588.02 2620.78 2635.72 2649.50 2662.42 2687.57 2707.55 2734.27 2766.35 2792.13 2817.05 2859.68 2902.63 2935.20 2968.95 2997.75 3016.82 3034.86 3060.40 3070.78 3054.45 3031.97 3028.87 3036.59 3046.00 3053.14 3065.20 3092.78 3113.28 3119.33 3135.53 3175.44
2843.56 2814.66 2762.40 2723.94 2704.20 2680.38 2661.47 2643.32 2626.74 2615.39 2608.69 2602.65 2597.39 2593.25 2589.55 2586.70 2583.72 2580.26 2576.33 2575.48 2575.74 2576.20 2574.74 2574.85 2575.07 2572.72 2570.48 2570.11 2570.34 2572.63 2573.88 2574.43 2577.45 2585.84 2598.47 2620.32 2662.73 2673.45 2679.13 2695.41 2718.62 2734.90 2759.73 2799.39 2818.78 2835.61 2863.22 2900.03 2934.18 2985.06 3025.07 3046.18 3073.78 3103.78 3116.74 3109.50 3077.09 3060.00 3061.55 3069.28 3080.63 3099.72 3122.39 3135.84 3146.61 3172.65 3210.97
2846.05 2810.17 2766.14 2735.41 2716.34 2691.70 2669.57 2647.14 2635.03 2622.80 2613.93 2606.91 2600.39 2595.85 2592.06 2588.50 2584.63 2580.57 2579.12 2579.03 2578.40 2579.07 2577.38 2577.31 2577.72 2576.86 2577.08 2577.57 2579.00 2582.39 2582.17 2581.90 2590.90 2609.94 2631.20 2651.07 2691.56 2714.51 2720.36 2736.86 2753.38 2771.34 2803.67 2832.53 2849.07 2862.93 2883.93 2909.78 2940.90 2988.90 3040.45 3072.39 3111.20 3148.94 3167.91 3169.02 3130.77 3104.94 3098.00 3104.12 3111.14 3119.12 3137.62 3154.15 3175.53 3214.05 3245.92
2840.61 2804.41 2775.89 2749.84 2726.31 2695.84 2675.99 2663.89 2648.48 2631.52 2618.12 2611.11 2602.90 2596.97 2592.27 2588.26 2584.79 2582.64 2582.82 2582.14 2580.74 2581.27 2579.66 2580.32 2581.05 2583.28 2585.74 2588.60 2592.34 2595.53 2594.15 2594.97 2619.44 2640.34 2660.38 2686.17 2721.70 2757.43 2763.34 2774.89 2792.58 2812.47 2839.53 2865.10 2880.47 2893.35 2910.63 2935.31 2960.84 2990.19 3045.14 3086.39 3151.68 3188.73 3204.52 3209.15 3183.56 3158.20 3138.61 3133.17 3138.76 3151.55 3166.10 3186.36 3216.35 3251.83 3287.50
2840.00 2808.01 2782.20 2764.78 2739.24 2717.01 2695.88 2678.51 2658.01 2637.74 2623.80 2613.12 2604.40 2597.51 2593.58 2591.68 2589.16 2587.08 2586.77 2584.87 2583.01 2583.88 2583.50 2585.68 2588.20 2592.26 2597.10 2604.10 2610.88 2613.98 2609.78 2613.80 2648.02 2672.05 2695.55 2718.17 2749.43 2791.10 2807.37 2819.78 2831.25 2846.03 2867.25 2889.50 2908.65 2925.22 2939.69 2961.03 2988.13 3016.79 3053.75 3102.80 3166.78 3206.58 3225.15 3243.10 3258.28 3226.65 3202.70 3193.07 3202.80 3225.03 3234.22 3244.15 3266.33 3299.23 3334.07
