data_raw/dem_fiescher_1980.asc
NCOLS       210
NROWS       270
XLLCORNER          647500.00
YLLCORNER          143000.00
CELLSIZE          50
NODATA_VALUE   -9999
[rows 174 to 202 of 270, columns 134 to 200 of 210]
2235.19 2242.34 2258.42 2268.18 2270.63 2279.94 2279.53 2284.87 2318.86 2364.09 2410.07 2423.39 2457.45 2507.12 2554.88 2593.81 2627.72 2668.82 2711.08 2756.56 2821.26 2858.14 2898.50 2920.35 2938.57 2959.72 2986.62 3010.39 3007.03 2972.82 2941.77 2925.52 2917.97 2900.83 2878.14 2855.68 2836.77 2826.50 2811.55 2783.62 2755.32 2736.94 2718.30 2694.78 2679.41 2665.15 2646.40 2624.26 2603.01 2578.10 2548.65 2524.00 2514.76 2496.35 2469.42 2442.37 2432.95 2447.30 2423.28 2385.61 2362.72 2327.78 2291.30 2265.70 2232.82 2193.78 2172.01
2226.65 2232.01 2250.13 2254.91 2257.04 2262.70 2278.94 2335.24 2346.24 2382.04 2427.30 2465.34 2470.70 2506.73 2556.64 2591.75 2630.53 2664.73 2688.16 2731.68 2796.88 2842.97 2901.15 2938.01 2959.45 2970.18 2991.97 3016.35 3000.63 2965.90 2934.88 2916.69 2909.88 2901.60 2878.88 2855.33 2837.71 2827.10 2813.78 2792.10 2768.85 2747.58 2717.78 2686.74 2668.65 2656.50 2644.38 2627.07 2614.80 2589.47 2543.10 2511.00 2488.82 2469.85 2450.26 2445.97 2460.87 2448.70 2425.27 2397.88 2366.24 2335.82 2315.62 2284.09 2241.43 2206.29 2180.07
2218.01 2225.60 2237.24 2239.86 2235.52 2260.88 2316.89 2396.84 2417.32 2426.20 2456.59 2485.22 2510.58 2535.57 2566.70 2598.88 2630.53 2671.09 2700.15 2740.44 2797.60 2830.45 2877.08 2923.16 2959.93 2995.90 3013.18 3018.86 2993.08 2956.67 2924.78 2909.00 2900.28 2893.46 2874.89 2850.58 2834.55 2820.99 2807.42 2789.20 2770.43 2748.97 2721.46 2694.87 2670.65 2645.67 2631.28 2617.96 2602.26 2587.47 2552.54 2510.95 2486.72 2467.07 2460.88 2465.64 2458.65 2448.39 2441.69 2422.59 2384.70 2361.32 2337.80 2291.28 2260.12 2225.47 2198.94
2212.77 2210.70 2222.29 2218.03 2209.84 2295.61 2381.59 2425.56 2459.17 2462.48 2486.20 2501.62 2525.98 2537.71 2583.12 2633.61 2668.80 2725.91 2748.36 2785.00 2827.35 2849.77 2879.14 2922.32 2951.26 2996.20 3030.49 3011.17 2979.48 2946.88 2918.20 2909.80 2904.96 2898.70 2878.42 2851.40 2825.65 2809.28 2796.55 2785.66 2767.61 2755.17 2732.52 2708.75 2691.59 2657.03 2620.73 2595.35 2583.43 2571.20 2552.55 2513.88 2485.29 2478.25 2485.37 2484.36 2473.00 2479.24 2470.05 2451.15 2412.64 2394.60 2344.49 2326.19 2299.93 2259.51 2220.32
2201.78 2203.69 2208.73 2205.57 2231.03 2349.36 2405.28 2443.35 2475.20 2487.39 2500.32 2518.83 2544.78 2572.18 2632.84 2697.12 2742.23 2760.40 2784.29 2798.78 2823.37 2844.52 2885.45 2933.66 2963.28 2999.05 3032.24 2999.30 2965.15 2935.38 2910.16 2895.26 2889.85 2882.39 2874.91 2866.95 2848.62 2814.22 2797.42 2783.70 2772.56 2762.63 2740.54 2726.45 2696.55 2667.86 2627.50 2598.80 2574.87 2558.25 2543.44 2517.32 2499.51 2494.85 2501.68 2505.53 2507.09 2522.85 2509.29 2471.07 2439.74 2418.74 2371.82 2357.58 2312.18 2282.80 2239.33
2193.14 2192.69 2200.93 2206.93 2252.15 2364.88 2406.59 2445.04 2484.41 2499.81 2513.16 2527.06 2553.23 2589.68 2647.01 2718.85 2779.05 2808.33 2815.06 2831.30 2839.43 2855.66 2886.85 2934.98 2972.48 3017.58 3034.50 2990.11 2956.35 2929.07 2908.89 2889.45 2872.05 2859.93 2858.58 2855.60 2842.22 2826.88 2799.64 2787.66 2777.34 2772.57 2762.02 2734.09 2711.90 2678.78 2640.53 2608.27 2573.87 2546.64 2529.68 2521.22 2522.22 2526.00 2526.68 2541.70 2556.68 2550.00 2519.75 2484.16 2457.83 2429.04 2402.95 2370.93 2340.49 2302.36 2271.65
2183.15 2187.37 2188.22 2213.16 2322.25 2370.31 2408.76 2442.51 2477.88 2513.88 2527.02 2542.68 2567.35 2604.64 2665.23 2752.86 2802.23 2855.53 2864.10 2864.94 2868.05 2879.99 2901.38 2948.32 3001.28 3041.12 3026.30 2986.33 2955.73 2931.96 2922.57 2904.75 2882.28 2868.50 2868.18 2856.38 2845.88 2821.17 2806.99 2791.72 2796.35 2786.82 2764.80 2738.88 2716.93 2685.15 2652.85 2627.90 2595.12 2561.03 2544.81 2541.53 2558.09 2564.67 2562.13 2580.69 2576.60 2556.62 2527.62 2496.28 2462.82 2437.20 2413.88 2389.68 2368.11 2346.35 2318.10
2177.14 2177.74 2184.75 2262.07 2320.36 2356.61 2393.95 2448.19 2495.82 2526.13 2545.74 2564.95 2592.98 2626.33 2669.61 2774.75 2833.93 2898.51 2901.29 2893.06 2900.28 2910.20 2933.70 2984.68 3025.09 3035.15 3006.50 2980.90 2956.07 2946.26 2940.70 2922.78 2903.15 2894.92 2890.63 2870.07 2844.62 2822.56 2806.02 2793.63 2791.61 2778.82 2764.25 2742.76 2719.50 2689.65 2670.26 2645.87 2616.24 2588.73 2574.53 2573.32 2584.84 2603.02 2594.79 2590.23 2578.80 2569.27 2531.05 2503.82 2472.73 2455.62 2430.76 2416.30 2406.26 2379.78 2333.68
2169.03 2169.99 2180.65 2266.56 2305.05 2333.75 2391.19 2445.04 2487.74 2530.91 2563.63 2595.99 2624.11 2651.68 2700.26 2789.78 2850.07 2896.34 2932.27 2939.81 2943.88 2963.56 3007.22 3018.53 2983.07 2961.67 2956.75 2978.17 2972.02 2962.33 2951.61 2935.32 2914.09 2901.13 2883.53 2861.03 2835.03 2808.63 2795.10 2788.98 2773.43 2755.36 2742.72 2724.59 2709.25 2696.98 2676.95 2662.18 2639.16 2615.78 2613.55 2608.78 2611.64 2614.83 2608.99 2604.88 2595.95 2566.12 2531.54 2506.05 2490.17 2475.80 2463.38 2447.78 2421.37 2389.95 2347.84
2159.18 2160.35 2159.17 2241.18 2278.84 2347.86 2399.54 2457.61 2497.33 2534.06 2569.49 2617.02 2657.36 2689.09 2721.43 2806.56 2870.11 2919.20 2960.60 2990.55 2997.14 2994.84 2968.43 2947.40 2929.47 2926.26 2938.70 2967.19 2980.22 2961.82 2940.18 2922.53 2903.63 2883.03 2864.54 2848.35 2819.37 2794.98 2781.58 2774.17 2765.47 2740.57 2723.94 2709.13 2698.48 2688.92 2683.19 2668.61 2653.88 2644.80 2638.97 2635.41 2628.53 2613.13 2608.35 2605.33 2585.83 2549.26 2521.95 2510.19 2504.24 2489.50 2472.19 2452.55 2431.96 2399.50 2361.69
2153.89 2149.23 2140.47 2187.41 2277.73 2343.81 2404.01 2462.20 2510.14 2534.93 2574.50 2623.07 2676.53 2718.26 2744.25 2818.39 2872.98 2912.72 2963.32 2966.55 2933.68 2914.32 2917.78 2913.01 2904.77 2914.92 2934.60 2964.88 2962.82 2945.60 2927.64 2908.55 2887.78 2869.42 2851.03 2828.61 2808.26 2798.32 2775.07 2756.39 2744.49 2723.58 2706.53 2694.64 2690.70 2687.57 2682.08 2674.70 2670.75 2667.15 2659.84 2644.72 2628.71 2610.26 2595.25 2583.54 2565.24 2540.91 2528.49 2526.66 2512.37 2494.42 2479.67 2457.98 2434.12 2407.91 2388.89
2147.72 2142.34 2141.89 2175.67 2269.95 2328.92 2389.85 2464.48 2495.11 2510.61 2592.43 2632.39 2678.05 2719.74 2786.90 2846.43 2899.31 2941.89 2935.90 2873.70 2870.29 2881.85 2893.55 2893.34 2900.23 2918.97 2947.48 2957.32 2945.22 2939.24 2922.57 2902.64 2874.74 2858.32 2843.91 2829.87 2822.65 2796.45 2768.39 2746.77 2727.14 2707.28 2692.53 2682.40 2679.36 2679.14 2679.96 2678.99 2680.78 2678.57 2669.95 2651.29 2632.59 2609.56 2582.07 2568.51 2563.89 2557.61 2548.13 2537.28 2513.10 2492.72 2469.70 2449.77 2434.51 2429.22 2425.96
2144.38 2137.89 2141.09 2161.65 2237.62 2319.72 2390.38 2463.81 2422.40 2509.93 2612.66 2654.53 2692.62 2733.03 2788.54 2849.51 2901.83 2885.11 2849.95 2842.91 2856.27 2878.29 2887.06 2893.16 2911.91 2938.00 2969.50 2952.15 2923.07 2914.04 2912.53 2892.68 2866.50 2855.06 2848.01 2840.30 2825.53 2793.48 2764.58 2742.25 2718.87 2698.64 2683.40 2679.19 2681.30 2684.46 2684.20 2679.17 2682.54 2685.55 2677.87 2657.32 2630.80 2603.70 2581.97 2574.23 2575.44 2563.27 2561.17 2541.85 2517.46 2492.39 2469.32 2459.13 2460.30 2458.51 2452.88
2143.30 2137.46 2150.51 2149.82 2213.92 2256.15 2294.68 2361.66 2427.37 2524.79 2592.20 2644.61 2702.13 2746.53 2801.26 2842.45 2865.89 2822.88 2816.30 2835.84 2857.97 2877.18 2888.40 2907.63 2934.20 2965.58 2987.90 2952.90 2918.02 2899.32 2893.45 2881.63 2865.37 2855.95 2849.54 2843.07 2827.90 2804.00 2769.70 2739.78 2710.09 2688.38 2679.02 2681.87 2686.78 2693.18 2682.07 2681.30 2689.75 2687.19 2671.96 2651.17 2627.38 2598.07 2580.52 2589.50 2585.97 2585.45 2564.97 2549.50 2538.27 2516.80 2493.45 2494.12 2484.24 2464.75 2449.95
2142.07 2133.68 2143.57 2140.65 2196.70 2261.99 2389.44 2412.81 2452.10 2529.74 2595.95 2649.78 2683.38 2745.14 2802.57 2812.93 2808.33 2796.37 2805.96 2824.35 2845.08 2873.62 2903.66 2931.60 2961.71 2985.89 2997.25 2961.26 2929.84 2910.83 2900.30 2893.87 2882.72 2867.65 2860.44 2849.78 2836.24 2817.38 2786.18 2746.09 2712.49 2691.37 2687.58 2696.90 2697.18 2696.31 2685.47 2698.46 2696.57 2680.33 2659.57 2637.75 2616.46 2603.50 2592.53 2604.12 2606.78 2599.87 2584.38 2572.20 2552.12 2535.19 2518.55 2497.22 2476.09 2451.50 2435.79
2138.70 2129.50 2103.64 2145.05 2223.56 2340.55 2427.47 2466.53 2483.43 2578.51 2639.06 2691.26 2720.41 2752.80 2803.02 2804.47 2783.62 2768.62 2779.68 2798.91 2816.64 2863.72 2902.74 2932.00 2945.88 2974.77 2999.49 2982.94 2956.53 2942.83 2925.56 2914.07 2895.13 2885.39 2870.31 2854.32 2839.63 2817.70 2783.68 2747.18 2715.88 2702.52 2701.47 2706.34 2696.65 2693.17 2700.87 2704.47 2693.90 2670.47 2648.37 2628.95 2620.78 2615.55 2608.32 2618.39 2616.40 2601.80 2586.13 2566.66 2549.26 2529.20 2505.81 2477.82 2455.60 2435.67 2417.23
2135.73 2118.55 2102.89 2160.51 2268.25 2363.05 2426.71 2488.26 2529.14 2601.80 2665.14 2717.22 2750.58 2780.94 2802.43 2777.16 2757.24 2743.80 2748.74 2767.37 2784.17 2819.84 2863.14 2889.34 2934.45 2976.72 2999.45 2992.29 2982.59 2972.61 2951.34 2928.57 2913.20 2897.48 2879.88 2861.34 2838.71 2811.05 2772.13 2741.63 2721.93 2719.09 2715.82 2704.55 2701.59 2705.26 2709.57 2698.67 2679.07 2661.65 2646.51 2638.37 2624.52 2615.38 2607.59 2601.49 2595.66 2591.94 2575.80 2553.30 2529.39 2509.55 2492.91 2465.97 2437.53 2417.28 2396.41
2130.82 2112.92 2111.50 2173.76 2300.68 2366.70 2426.72 2484.97 2549.10 2610.89 2678.11 2721.54 2751.22 2778.42 2787.51 2745.93 2738.39 2733.28 2740.45 2753.52 2774.61 2799.90 2831.50 2895.75 2941.62 2984.73 2985.60 2963.38 2948.43 2939.73 2936.72 2927.82 2909.89 2890.97 2871.50 2848.60 2823.82 2801.20 2776.96 2755.07 2737.85 2730.79 2719.90 2716.28 2712.40 2715.32 2706.77 2689.73 2671.62 2661.15 2651.87 2630.78 2616.28 2610.48 2595.57 2578.53 2573.53 2573.72 2563.67 2543.42 2516.75 2489.83 2472.13 2454.20 2425.73 2399.22 2380.51
2123.64 2076.57 2131.50 2206.52 2312.76 2374.04 2417.84 2473.47 2538.81 2610.83 2674.01 2704.69 2731.81 2739.21 2724.72 2719.75 2728.72 2736.29 2740.95 2750.57 2767.98 2792.12 2817.48 2867.37 2923.90 2966.40 2967.65 2935.80 2913.20 2905.95 2900.51 2891.69 2884.35 2872.70 2856.71 2831.87 2820.29 2818.00 2791.55 2769.07 2746.43 2733.88 2728.73 2726.85 2721.91 2728.43 2722.23 2709.95 2690.74 2673.62 2651.35 2625.38 2616.88 2606.83 2583.85 2570.29 2561.98 2552.84 2536.93 2523.37 2498.44 2477.35 2463.01 2443.02 2419.72 2397.43 2373.81
2116.89 2101.27 2147.79 2218.23 2312.92 2363.83 2415.23 2470.95 2537.73 2620.15 2665.77 2688.72 2684.35 2674.97 2688.31 2709.03 2724.57 2736.26 2746.02 2756.11 2774.88 2795.82 2817.35 2851.36 2901.61 2940.39 2956.42 2925.67 2892.25 2883.95 2884.73 2868.57 2859.15 2855.45 2840.20 2837.30 2825.68 2809.41 2782.85 2762.22 2757.97 2747.27 2743.19 2737.70 2741.25 2743.28 2731.75 2710.37 2689.05 2668.08 2640.81 2623.85 2627.51 2608.91 2573.74 2555.78 2541.16 2524.48 2513.26 2498.55 2468.48 2449.60 2442.30 2430.15 2405.97 2381.05 2359.00
2090.14 2127.89 2171.86 2213.56 2294.45 2353.39 2409.99 2470.39 2530.15 2602.77 2661.09 2650.47 2649.74 2653.08 2680.30 2705.57 2719.62 2732.68 2749.68 2768.90 2786.02 2805.48 2824.20 2852.31 2891.84 2937.05 2945.05 2918.72 2886.11 2872.20 2865.67 2843.53 2832.12 2830.20 2823.35 2836.31 2835.10 2813.30 2780.75 2768.02 2768.94 2762.13 2757.50 2753.53 2759.02 2737.93 2707.37 2688.35 2678.18 2661.20 2641.07 2638.20 2638.53 2604.85 2568.25 2543.86 2525.45 2508.22 2492.61 2474.93 2448.82 2431.25 2420.86 2411.08 2395.30 2379.80 2361.09
2114.13 2149.82 2183.57 2225.07 2288.73 2343.73 2413.08 2467.28 2528.53 2611.80 2644.73 2620.73 2621.38 2634.18 2659.48 2690.05 2714.38 2742.51 2783.35 2802.53 2814.40 2832.61 2849.77 2872.35 2903.73 2939.24 2928.85 2906.62 2888.95 2868.52 2852.20 2832.73 2812.89 2804.16 2806.96 2817.89 2829.23 2814.09 2786.73 2778.08 2779.59 2773.06 2771.43 2772.70 2764.75 2732.09 2704.12 2687.20 2665.15 2655.80 2653.72 2656.02 2635.32 2611.41 2580.66 2552.17 2534.10 2517.48 2495.95 2468.16 2439.66 2423.85 2414.44 2404.16 2391.68 2373.80 2355.80
2138.48 2176.78 2199.74 2225.31 2288.54 2347.75 2405.16 2464.82 2537.09 2604.45 2596.02 2600.86 2615.80 2639.94 2659.33 2686.05 2722.27 2781.65 2814.66 2844.39 2854.01 2871.16 2884.69 2900.98 2913.62 2908.38 2886.69 2864.89 2855.88 2852.32 2845.34 2827.13 2800.90 2788.97 2786.31 2796.12 2807.87 2814.74 2804.48 2803.86 2800.05 2783.80 2790.53 2783.30 2765.03 2739.25 2719.05 2690.84 2666.60 2667.75 2670.26 2652.54 2638.84 2624.27 2605.25 2587.70 2573.67 2546.54 2509.70 2477.91 2451.40 2433.18 2417.59 2402.90 2392.49 2378.36 2357.81
2163.98 2190.44 2208.63 2235.89 2268.36 2340.34 2404.25 2460.99 2522.28 2570.66 2582.31 2606.85 2623.63 2642.39 2662.45 2692.43 2729.46 2779.47 2814.28 2866.17 2897.97 2904.90 2912.53 2896.26 2885.37 2871.45 2851.99 2833.80 2823.70 2827.12 2823.71 2803.38 2788.03 2781.61 2773.47 2784.25 2800.98 2819.11 2822.82 2815.33 2799.77 2781.98 2789.45 2784.40 2770.23 2746.85 2713.20 2691.24 2684.48 2682.41 2684.02 2657.40 2643.56 2635.30 2625.57 2609.55 2591.29 2570.65 2541.90 2507.33 2480.69 2456.32 2443.90 2437.40 2432.57 2412.35 2386.45
2189.15 2212.19 2234.17 2253.18 2271.55 2327.66 2414.25 2468.65 2518.07 2550.39 2576.09 2598.64 2620.79 2645.38 2678.01 2713.47 2754.84 2803.32 2836.48 2870.54 2916.86 2919.45 2888.22 2864.00 2855.39 2844.81 2826.30 2814.55 2801.30 2790.51 2769.97 2764.67 2755.93 2754.10 2760.13 2784.56 2806.56 2820.37 2809.53 2792.30 2774.80 2763.58 2757.12 2771.48 2769.65 2746.12 2713.64 2705.94 2705.44 2700.95 2685.43 2669.24 2655.62 2646.48 2636.47 2617.26 2593.10 2572.11 2553.03 2536.73 2520.91 2494.71 2478.21 2478.22 2470.84 2451.99 2426.47
2202.93 2232.23 2249.83 2283.06 2311.97 2332.19 2419.25 2473.66 2507.08 2534.36 2565.50 2594.18 2626.20 2665.91 2708.23 2736.35 2779.55 2814.77 2841.51 2876.95 2908.04 2889.21 2860.39 2841.00 2836.18 2820.55 2806.16 2793.06 2775.20 2753.05 2734.97 2729.52 2724.70 2726.86 2740.16 2762.55 2787.94 2795.28 2780.68 2766.43 2754.22 2741.65 2733.95 2744.13 2753.01 2748.83 2730.05 2720.43 2704.15 2689.38 2677.56 2666.35 2656.23 2642.89 2627.49 2612.92 2595.05 2573.64 2556.00 2541.50 2527.87 2516.95 2507.80 2500.81 2494.32 2463.88 2434.67
2257.16 2277.41 2292.69 2310.93 2338.32 2367.50 2414.89 2462.87 2490.99 2525.18 2561.45 2595.93 2637.38 2693.75 2730.59 2768.97 2800.80 2815.58 2832.78 2865.43 2876.82 2856.29 2838.57 2829.45 2821.35 2803.59 2790.01 2772.93 2747.36 2726.92 2711.87 2710.63 2714.90 2722.98 2741.93 2762.97 2781.89 2774.10 2753.49 2744.03 2744.26 2734.41 2720.88 2719.07 2732.23 2742.82 2727.82 2710.78 2692.00 2679.74 2667.12 2656.10 2640.03 2630.52 2624.04 2609.72 2591.90 2569.05 2547.40 2534.85 2523.98 2508.52 2496.09 2491.23 2495.10 2470.30 2439.48
2297.00 2315.29 2337.48 2358.22 2375.71 2401.79 2434.19 2470.71 2505.20 2533.77 2567.96 2622.35 2680.86 2713.63 2752.72 2784.85 2810.91 2828.26 2839.90 2860.95 2843.53 2826.25 2818.72 2813.77 2806.50 2790.40 2776.23 2756.39 2737.37 2720.86 2706.96 2707.24 2716.90 2734.73 2751.06 2755.84 2750.53 2739.80 2738.07 2732.90 2732.73 2727.63 2718.64 2720.76 2725.12 2734.05 2722.97 2704.23 2675.14 2663.42 2656.29 2645.22 2628.98 2616.53 2608.68 2597.36 2577.97 2555.64 2534.70 2523.84 2515.78 2497.14 2482.90 2478.97 2485.59 2478.97 2449.93
2329.48 2351.15 2364.32 2384.98 2408.86 2429.71 2450.24 2477.76 2505.13 2541.18 2576.32 2625.36 2672.78 2722.21 2759.16 2805.49 2841.62 2861.14 2854.62 2845.18 2819.85 2808.38 2800.58 2792.64 2788.50 2778.76 2759.94 2737.80 2726.40 2712.72 2705.98 2707.24 2718.47 2725.95 2723.42 2717.66 2717.20 2731.07 2729.80 2723.59 2720.60 2715.18 2709.27 2708.92 2714.35 2722.55 2713.60 2694.69 2669.48 2655.34 2647.70 2639.00 2620.66 2609.05 2601.39 2588.13 2569.12 2544.17 2525.66 2511.42 2501.32 2485.00 2475.07 2466.02 2465.02 2464.49 2455.23
