data_raw/dem_fiescher_2009.asc
NCOLS       210
NROWS       270
XLLCORNER          647500.00
YLLCORNER          143000.00
CELLSIZE          50
NODATA_VALUE   -9999
[rows 29 to 57 of 270, columns 0 to 66 of 210]
3584.77 3600.20 3607.89 3613.30 3626.17 3637.56 3638.48 3640.44 3647.15 3666.67 3709.54 3756.45 3802.04 3851.14 3898.20 3962.34 3911.90 3860.39 3816.33 3781.68 3757.52 3707.95 3689.22 3666.38 3641.56 3611.21 3548.34 3454.15 3393.97 3367.63 3352.55 3339.98 3323.95 3309.62 3299.51 3287.71 3278.50 3274.53 3269.18 3260.45 3256.53 3262.69 3266.63 3268.33 3277.39 3296.81 3316.11 3338.98 3409.76 3461.36 3436.30 3425.69 3442.76 3441.91 3437.53 3437.88 3440.02 3450.57 3462.57 3497.25 3538.03 3555.05 3547.49 3541.45 3539.85 3541.69 3554.46
3565.29 3577.93 3587.72 3592.23 3606.13 3620.52 3623.27 3624.39 3633.77 3650.78 3688.97 3736.43 3785.00 3827.62 3878.22 3948.53 3927.71 3840.21 3789.16 3746.52 3711.39 3656.64 3629.67 3610.09 3593.70 3592.39 3553.51 3487.42 3418.86 3368.99 3341.92 3329.72 3320.26 3309.12 3297.13 3284.76 3271.40 3261.67 3255.90 3248.97 3245.56 3248.88 3253.99 3258.30 3264.55 3273.12 3283.91 3315.84 3398.08 3439.17 3401.61 3388.75 3414.52 3422.26 3420.19 3418.51 3416.88 3426.37 3429.32 3474.18 3504.36 3501.24 3507.26 3512.19 3514.86 3521.45 3533.98
3544.77 3557.90 3566.26 3570.51 3579.49 3602.42 3612.58 3611.41 3618.85 3634.42 3670.33 3717.83 3764.86 3818.89 3872.81 3911.74 3945.94 3864.82 3776.47 3723.35 3680.47 3623.95 3585.05 3565.03 3550.43 3539.00 3521.02 3486.92 3436.09 3371.29 3341.56 3327.04 3317.64 3309.10 3298.57 3286.50 3271.81 3257.60 3247.45 3241.57 3237.80 3238.66 3243.74 3249.30 3253.84 3256.33 3260.02 3280.66 3353.06 3404.94 3368.10 3364.65 3381.20 3390.80 3392.44 3400.10 3396.41 3401.59 3406.85 3450.95 3471.69 3463.13 3478.43 3483.61 3488.76 3497.90 3509.95
3526.56 3536.10 3543.32 3554.92 3567.04 3579.35 3592.31 3600.14 3610.80 3627.43 3656.28 3703.45 3760.05 3816.39 3847.22 3869.54 3908.27 3893.07 3798.22 3716.12 3665.49 3606.35 3565.01 3543.60 3526.92 3511.07 3496.07 3471.58 3447.36 3394.76 3348.94 3332.95 3316.62 3306.06 3297.61 3287.49 3274.43 3259.39 3245.72 3237.96 3234.66 3233.59 3238.07 3240.18 3242.97 3245.23 3246.87 3247.00 3275.52 3345.28 3337.76 3341.41 3354.22 3364.11 3365.65 3370.18 3372.59 3375.17 3390.93 3440.43 3448.47 3441.11 3447.51 3453.61 3458.10 3464.16 3483.35
3511.06 3518.67 3523.20 3535.49 3549.40 3561.58 3571.69 3586.14 3597.70 3615.93 3649.28 3707.10 3768.09 3793.98 3810.29 3832.74 3857.07 3904.47 3828.97 3731.87 3674.04 3611.36 3552.85 3532.87 3519.08 3503.28 3487.81 3463.83 3445.21 3423.62 3397.94 3367.39 3329.17 3310.54 3299.14 3289.31 3276.14 3260.84 3247.02 3236.88 3231.99 3231.21 3233.16 3232.68 3232.76 3234.27 3236.18 3233.90 3232.57 3260.51 3299.18 3312.22 3326.28 3346.31 3338.93 3337.78 3343.28 3347.05 3371.74 3426.31 3428.06 3424.77 3424.37 3429.47 3435.50 3434.76 3461.95
3497.40 3505.25 3511.84 3521.27 3532.96 3543.44 3560.20 3576.12 3594.78 3620.55 3665.10 3724.07 3754.39 3770.88 3782.82 3799.61 3823.68 3866.02 3855.10 3776.05 3708.67 3626.03 3560.53 3526.05 3512.45 3497.61 3479.71 3459.61 3435.96 3417.18 3400.76 3371.78 3341.41 3320.36 3304.39 3291.92 3277.76 3261.00 3247.03 3236.74 3229.76 3228.18 3227.32 3225.80 3224.62 3223.06 3224.17 3224.22 3218.45 3223.57 3263.04 3280.76 3289.37 3309.40 3312.11 3314.29 3320.80 3325.90 3357.26 3392.60 3395.81 3405.67 3412.72 3418.60 3415.49 3411.77 3441.40
3489.92 3494.71 3502.70 3514.08 3525.68 3540.45 3556.88 3575.60 3601.96 3643.29 3694.75 3722.96 3739.57 3753.48 3762.71 3773.18 3791.36 3818.31 3859.78 3800.17 3723.39 3645.57 3573.60 3529.68 3510.74 3490.47 3471.63 3452.35 3429.53 3414.69 3397.75 3373.42 3351.12 3330.26 3310.54 3293.77 3278.48 3262.38 3247.72 3236.00 3229.10 3224.20 3222.24 3220.95 3218.78 3215.34 3213.59 3213.26 3209.99 3204.77 3213.03 3230.07 3250.05 3262.15 3281.75 3296.26 3303.19 3305.14 3334.28 3364.67 3368.94 3376.12 3386.16 3395.13 3395.92 3391.31 3410.10
3480.30 3483.80 3493.30 3506.92 3520.17 3536.05 3560.65 3587.29 3627.56 3669.01 3691.26 3706.12 3721.49 3734.35 3742.82 3752.33 3763.45 3782.78 3827.40 3823.96 3755.28 3675.94 3598.86 3547.42 3515.97 3493.81 3472.77 3453.18 3432.40 3414.91 3396.90 3374.47 3355.19 3336.72 3317.42 3299.51 3281.97 3263.79 3248.04 3236.50 3227.17 3221.18 3217.31 3215.61 3213.07 3209.86 3206.46 3203.34 3200.63 3195.65 3184.65 3185.06 3204.12 3217.76 3244.22 3270.01 3277.35 3277.08 3309.56 3339.94 3349.17 3352.15 3363.15 3367.91 3371.74 3373.87 3385.55
3464.83 3473.43 3486.13 3502.44 3518.66 3537.50 3576.12 3618.07 3642.07 3653.38 3672.30 3689.03 3705.47 3715.68 3725.77 3733.85 3740.12 3751.32 3769.73 3818.42 3782.05 3722.00 3661.61 3598.12 3529.42 3507.75 3486.39 3469.09 3445.45 3426.52 3403.86 3382.78 3360.63 3340.22 3322.35 3304.69 3287.97 3268.69 3250.32 3236.43 3225.92 3218.83 3213.49 3209.61 3207.58 3205.33 3201.99 3196.93 3192.53 3189.24 3184.31 3174.99 3178.22 3192.14 3215.79 3241.39 3253.89 3252.61 3276.95 3310.26 3325.93 3327.26 3339.85 3345.82 3352.82 3359.35 3368.23
3449.83 3463.90 3479.77 3493.68 3515.09 3546.00 3589.68 3609.93 3619.82 3633.32 3653.67 3670.85 3685.47 3700.56 3707.09 3712.85 3719.19 3727.38 3736.89 3756.86 3755.39 3720.75 3671.42 3613.51 3556.55 3524.14 3505.13 3490.52 3467.81 3447.01 3428.62 3406.95 3378.70 3354.68 3332.36 3312.41 3292.52 3272.99 3254.03 3236.81 3225.08 3216.84 3210.98 3206.28 3203.14 3201.10 3198.27 3193.99 3188.68 3184.37 3181.74 3178.98 3173.70 3180.78 3195.49 3213.67 3227.96 3229.21 3239.78 3276.17 3297.54 3303.51 3313.99 3325.83 3330.45 3342.18 3343.09
3435.32 3450.61 3466.61 3488.88 3525.50 3553.42 3567.41 3588.14 3605.81 3617.98 3637.23 3655.30 3670.36 3681.15 3688.20 3694.30 3696.10 3698.50 3704.52 3708.52 3718.05 3737.25 3704.12 3654.57 3581.82 3540.07 3521.36 3503.45 3487.94 3469.22 3458.35 3445.79 3420.24 3394.94 3367.00 3337.36 3304.16 3278.35 3257.09 3238.38 3224.11 3215.41 3209.39 3204.51 3200.47 3197.11 3194.24 3191.00 3186.70 3182.14 3178.73 3177.73 3176.65 3174.26 3178.42 3188.36 3201.90 3209.49 3203.11 3237.11 3269.89 3282.41 3289.95 3294.84 3300.82 3313.78 3319.22
3424.41 3437.15 3459.66 3499.98 3525.45 3533.11 3547.86 3564.18 3586.62 3607.08 3624.07 3638.81 3653.53 3663.89 3671.60 3675.55 3677.72 3680.38 3682.60 3684.33 3689.90 3721.68 3750.74 3695.62 3632.43 3574.82 3537.81 3517.12 3499.67 3483.00 3469.70 3456.66 3438.63 3419.68 3400.70 3373.63 3330.84 3293.04 3267.00 3241.69 3224.41 3213.68 3207.96 3203.55 3198.84 3194.64 3191.04 3187.62 3184.20 3180.08 3176.26 3174.20 3174.28 3172.69 3168.13 3167.51 3174.60 3187.04 3192.82 3209.43 3237.22 3260.41 3273.03 3273.66 3280.18 3290.18 3299.43
3410.58 3423.29 3465.42 3496.19 3503.88 3512.90 3531.04 3547.55 3567.02 3591.41 3607.76 3622.10 3637.47 3646.76 3656.08 3660.91 3663.22 3667.07 3670.02 3671.38 3677.26 3697.14 3747.59 3740.26 3684.18 3627.62 3574.60 3527.47 3504.06 3486.78 3473.74 3459.29 3444.88 3426.27 3406.24 3384.36 3354.27 3313.38 3283.51 3255.28 3232.10 3214.28 3204.65 3201.42 3197.99 3193.68 3189.03 3184.72 3180.96 3177.33 3173.79 3171.14 3169.82 3169.38 3166.49 3160.13 3158.38 3165.79 3174.54 3187.76 3210.35 3236.05 3252.17 3255.22 3260.50 3267.19 3276.31
3395.15 3425.55 3470.49 3477.75 3484.59 3494.42 3510.48 3527.72 3554.75 3576.51 3589.28 3603.05 3619.96 3629.36 3638.96 3644.72 3648.54 3652.74 3657.02 3658.36 3665.26 3685.91 3737.61 3764.77 3715.25 3660.66 3608.26 3550.66 3507.39 3485.81 3472.97 3460.98 3446.13 3429.70 3408.73 3385.06 3356.27 3326.53 3299.08 3269.80 3242.30 3220.16 3204.45 3198.01 3195.55 3192.56 3187.65 3182.47 3177.89 3173.92 3170.47 3167.89 3165.51 3163.94 3162.66 3158.76 3152.26 3153.20 3158.10 3168.17 3186.72 3212.78 3233.10 3236.08 3235.57 3240.15 3254.43
3387.95 3430.44 3450.95 3462.07 3469.85 3478.78 3495.60 3511.26 3530.33 3556.01 3572.80 3586.23 3602.14 3611.85 3620.65 3626.64 3633.27 3635.85 3638.43 3641.69 3651.49 3670.24 3715.87 3771.79 3743.34 3688.67 3633.67 3576.04 3520.47 3489.89 3473.60 3460.57 3444.69 3430.59 3411.47 3388.99 3363.00 3333.72 3310.64 3282.74 3253.03 3228.91 3210.71 3198.49 3193.35 3190.46 3185.89 3181.17 3175.25 3170.46 3166.71 3163.87 3161.11 3158.77 3157.09 3155.84 3151.39 3147.51 3147.90 3152.98 3168.10 3187.39 3208.35 3215.87 3213.54 3219.60 3235.82
3388.79 3411.14 3429.35 3446.32 3458.92 3469.80 3480.72 3495.48 3511.59 3533.96 3554.46 3570.27 3584.79 3594.13 3602.99 3610.71 3617.13 3622.80 3628.08 3632.67 3641.89 3663.32 3697.18 3778.45 3759.61 3697.40 3646.64 3591.30 3538.76 3493.60 3472.38 3456.43 3441.50 3428.61 3410.15 3391.46 3364.85 3338.20 3312.95 3287.14 3263.72 3238.95 3219.05 3204.49 3194.96 3187.64 3183.54 3179.07 3172.95 3167.51 3163.21 3159.86 3156.94 3154.22 3151.90 3150.19 3148.64 3144.93 3142.51 3143.13 3151.43 3166.63 3182.82 3193.30 3195.60 3203.78 3219.88
3385.24 3402.74 3418.35 3434.16 3448.65 3462.54 3472.81 3485.45 3503.22 3523.44 3543.50 3558.43 3570.71 3578.71 3586.66 3595.97 3603.30 3611.68 3619.64 3626.78 3640.70 3665.00 3697.41 3760.86 3796.76 3730.30 3687.05 3628.34 3565.57 3514.24 3475.33 3453.66 3438.30 3424.72 3407.97 3390.59 3364.63 3338.43 3313.06 3287.49 3267.14 3248.24 3228.82 3210.86 3197.55 3187.54 3179.61 3175.28 3170.68 3165.39 3159.90 3155.71 3152.61 3149.88 3147.31 3145.24 3144.28 3143.15 3140.43 3137.74 3140.79 3151.57 3162.84 3172.70 3177.60 3187.19 3201.54
3377.94 3394.55 3411.47 3427.85 3440.67 3457.03 3468.80 3481.49 3499.64 3517.78 3533.50 3545.77 3557.11 3566.13 3574.12 3583.95 3592.86 3601.90 3610.53 3622.39 3645.14 3678.01 3721.26 3782.01 3848.29 3850.61 3750.91 3668.26 3616.27 3565.13 3507.17 3466.47 3441.67 3421.91 3405.25 3388.34 3363.48 3342.39 3314.70 3289.37 3269.57 3254.98 3236.82 3217.74 3201.20 3187.86 3178.52 3171.77 3167.38 3162.78 3157.64 3152.28 3148.64 3145.71 3143.24 3141.13 3139.47 3139.06 3138.34 3135.78 3134.79 3139.63 3147.76 3154.94 3160.32 3169.59 3182.14
3368.03 3386.23 3402.77 3421.92 3434.17 3448.52 3458.10 3472.83 3490.65 3507.50 3521.68 3533.51 3544.17 3555.44 3565.64 3576.64 3586.22 3594.57 3604.55 3623.80 3655.87 3704.90 3759.14 3826.10 3874.59 3863.67 3790.97 3722.61 3667.15 3606.90 3558.03 3497.16 3444.57 3418.85 3400.68 3380.09 3357.06 3340.57 3317.44 3293.63 3275.30 3259.07 3240.20 3221.76 3205.94 3190.81 3179.24 3171.22 3164.45 3159.66 3155.32 3149.84 3145.60 3141.93 3139.68 3137.46 3135.61 3135.13 3135.00 3134.56 3131.89 3132.55 3136.37 3139.53 3145.22 3153.35 3167.06
3358.65 3376.75 3397.53 3419.91 3432.51 3442.32 3449.30 3460.93 3479.84 3495.10 3508.98 3522.22 3534.49 3546.01 3557.95 3569.10 3578.91 3589.17 3605.75 3635.40 3683.89 3735.07 3793.80 3828.74 3841.43 3857.27 3792.49 3733.03 3684.32 3670.59 3610.17 3550.70 3483.43 3438.72 3402.18 3377.51 3357.12 3339.57 3319.66 3300.62 3280.43 3260.66 3240.66 3223.66 3209.86 3196.19 3183.29 3171.60 3162.71 3156.34 3151.99 3148.17 3143.51 3139.26 3135.86 3133.91 3132.28 3131.07 3130.90 3131.29 3130.88 3128.91 3130.18 3131.82 3134.74 3142.68 3155.68
3347.52 3367.63 3394.72 3418.84 3429.39 3434.71 3441.57 3454.48 3471.68 3487.91 3502.54 3515.48 3527.34 3538.81 3550.75 3562.55 3573.86 3589.58 3617.13 3659.49 3717.05 3767.09 3783.32 3789.12 3799.94 3819.38 3837.72 3790.07 3753.62 3703.29 3647.76 3590.75 3536.18 3480.37 3428.71 3385.47 3360.89 3343.45 3325.53 3309.32 3287.56 3262.23 3241.26 3224.55 3211.58 3199.99 3186.33 3172.12 3161.71 3154.38 3149.12 3145.67 3142.16 3137.91 3134.04 3131.18 3129.42 3127.83 3127.70 3127.96 3128.70 3127.64 3126.92 3127.39 3127.77 3133.62 3142.43
3335.86 3358.71 3381.93 3404.32 3421.80 3429.73 3441.56 3455.02 3469.39 3484.32 3500.14 3513.59 3526.01 3537.30 3549.38 3563.05 3579.18 3601.70 3647.17 3698.33 3747.14 3751.24 3755.45 3759.38 3769.70 3794.34 3837.00 3834.17 3773.99 3719.51 3660.84 3606.24 3555.24 3500.99 3450.13 3398.03 3366.90 3353.19 3335.05 3316.07 3294.58 3271.63 3250.31 3229.92 3212.72 3200.38 3185.91 3173.45 3160.43 3152.28 3147.21 3143.23 3140.60 3136.97 3132.68 3129.20 3126.49 3125.04 3124.12 3124.38 3125.60 3126.25 3124.80 3123.83 3123.25 3124.96 3129.20
3326.53 3354.20 3378.72 3394.18 3410.63 3428.01 3443.15 3455.99 3470.12 3484.94 3500.01 3515.34 3529.12 3543.48 3556.24 3574.80 3604.05 3645.38 3694.21 3725.35 3725.13 3727.28 3728.75 3733.77 3748.47 3778.58 3827.62 3857.24 3801.99 3747.53 3694.31 3643.26 3600.52 3546.46 3495.39 3439.27 3393.85 3364.14 3344.74 3320.66 3300.12 3279.19 3259.06 3240.64 3222.19 3204.19 3188.10 3174.15 3161.62 3151.00 3145.33 3141.62 3138.64 3135.91 3132.72 3128.30 3124.82 3123.17 3121.89 3121.11 3122.15 3123.91 3123.49 3121.47 3120.02 3119.31 3120.18
3322.50 3350.55 3371.97 3386.86 3399.73 3425.07 3438.88 3451.41 3462.96 3484.43 3498.53 3517.86 3540.70 3559.30 3581.04 3612.60 3656.00 3694.64 3704.56 3702.30 3704.07 3707.92 3710.77 3717.68 3734.52 3766.72 3805.77 3892.16 3839.56 3775.76 3718.13 3659.98 3607.89 3551.89 3498.16 3461.25 3424.70 3367.00 3345.80 3327.70 3306.46 3284.80 3264.60 3246.91 3231.22 3214.66 3199.30 3182.61 3165.73 3151.88 3143.59 3139.83 3137.19 3134.88 3131.95 3128.43 3124.20 3121.24 3119.68 3118.99 3119.16 3120.18 3121.08 3119.99 3117.40 3114.80 3114.59
3321.85 3345.60 3364.91 3380.98 3397.87 3415.85 3429.87 3442.19 3452.85 3484.65 3513.78 3542.62 3568.00 3591.30 3622.35 3651.15 3673.84 3687.48 3686.35 3683.92 3686.25 3691.52 3697.59 3705.99 3723.39 3756.26 3797.40 3888.59 3861.82 3805.07 3746.75 3691.62 3633.36 3572.69 3516.29 3482.05 3451.97 3401.07 3357.36 3331.38 3309.84 3289.35 3269.60 3249.75 3234.91 3222.60 3207.70 3191.77 3172.71 3154.78 3142.79 3138.37 3136.10 3133.48 3131.28 3128.40 3124.47 3120.50 3117.98 3116.36 3115.82 3116.72 3118.14 3118.02 3115.71 3112.85 3110.41
3321.10 3343.49 3359.93 3374.28 3389.50 3404.22 3418.10 3420.81 3445.01 3495.39 3528.05 3542.93 3558.26 3578.05 3608.10 3637.24 3663.81 3675.66 3672.95 3668.81 3669.86 3676.74 3685.35 3694.50 3712.60 3744.32 3788.15 3868.55 3888.35 3837.11 3780.54 3721.23 3665.35 3610.65 3559.01 3508.53 3461.13 3427.11 3395.40 3350.94 3310.37 3292.90 3274.95 3254.98 3237.74 3224.89 3212.97 3197.93 3180.14 3160.56 3145.61 3140.08 3137.02 3133.24 3129.98 3127.75 3124.62 3120.87 3117.43 3114.64 3113.86 3113.41 3114.10 3114.78 3114.02 3110.94 3108.34
3320.94 3340.70 3352.80 3364.10 3375.97 3388.40 3398.04 3399.26 3449.49 3490.85 3508.64 3527.36 3546.05 3567.03 3597.26 3629.30 3654.30 3661.43 3658.55 3653.05 3655.76 3662.38 3669.76 3683.66 3704.56 3736.09 3794.81 3865.46 3929.99 3895.19 3801.98 3751.39 3700.93 3652.82 3602.52 3544.85 3490.90 3441.61 3406.09 3370.21 3331.79 3304.84 3284.30 3264.45 3247.28 3230.51 3216.85 3202.90 3187.08 3169.35 3152.47 3141.83 3136.95 3131.84 3128.30 3126.48 3124.27 3121.05 3117.10 3113.92 3111.81 3110.93 3111.18 3111.71 3111.35 3109.15 3105.97
3313.16 3329.95 3341.47 3349.95 3358.52 3373.01 3378.99 3396.76 3447.86 3475.77 3492.45 3511.50 3533.46 3556.45 3592.82 3624.29 3643.55 3636.46 3634.15 3637.81 3643.35 3647.02 3653.18 3668.72 3695.15 3738.27 3801.55 3876.85 3949.58 3996.26 3935.89 3800.93 3764.20 3748.88 3695.01 3601.11 3545.58 3496.92 3448.83 3395.81 3347.95 3316.51 3295.83 3275.36 3257.13 3240.23 3228.77 3212.99 3194.91 3177.06 3159.86 3145.33 3136.03 3130.07 3126.39 3124.65 3122.97 3120.72 3117.27 3113.53 3110.66 3108.48 3108.00 3108.58 3108.92 3107.36 3104.24
3298.16 3312.63 3325.85 3335.63 3343.29 3355.84 3368.57 3397.41 3443.85 3463.50 3480.97 3502.16 3523.86 3557.99 3598.11 3614.30 3608.42 3613.38 3618.35 3623.68 3628.89 3633.69 3645.26 3665.93 3697.25 3743.61 3800.07 3858.54 3928.66 3978.86 4033.99 3929.23 3911.51 3826.70 3727.41 3652.47 3598.82 3550.06 3504.49 3460.68 3416.05 3372.95 3330.95 3301.04 3279.22 3253.64 3240.36 3225.87 3206.68 3186.17 3166.84 3149.20 3136.03 3128.14 3124.93 3122.58 3121.24 3119.68 3117.08 3113.54 3109.53 3107.00 3105.55 3104.93 3105.19 3104.91 3102.44
