data_raw/dem_fiescher_1980.asc
NCOLS       210
NROWS       270
XLLCORNER          647500.00
YLLCORNER          143000.00
CELLSIZE          50
NODATA_VALUE   -9999
[rows 116 to 144 of 270, columns 134 to 200 of 210]
2736.53 2732.48 2728.41 2725.27 2725.24 2727.19 2729.83 2727.00 2728.51 2732.66 2737.38 2742.62 2746.82 2750.11 2753.51 2756.07 2758.25 2760.88 2765.32 2769.95 2775.72 2781.21 2788.52 2795.37 2802.22 2813.93 2825.22 2838.54 2849.38 2860.62 2873.49 2879.93 2888.60 2896.07 2903.48 2915.72 2939.05 2956.63 2966.01 2976.09 2983.86 2995.99 3016.01 3039.53 3067.39 3089.22 3108.24 3131.40 3158.74 3186.78 3227.41 3279.49 3343.68 3353.86 3354.14 3318.76 3291.65 3296.01 3289.97 3336.79 3315.27 3334.73 3302.66 3293.63 3289.85 3302.79 3294.00
2729.72 2727.67 2724.02 2721.70 2722.06 2726.77 2726.16 2722.27 2725.62 2731.73 2738.34 2744.65 2747.06 2749.83 2751.49 2753.43 2755.33 2758.56 2764.56 2771.51 2777.54 2783.81 2789.13 2795.78 2805.20 2815.66 2826.78 2838.97 2847.77 2858.63 2873.08 2886.11 2899.47 2911.78 2921.60 2929.03 2947.74 2962.73 2971.85 2986.69 2993.03 3006.62 3026.86 3045.72 3070.10 3087.01 3106.32 3141.09 3183.18 3230.86 3269.53 3329.09 3315.44 3306.20 3275.12 3259.29 3245.52 3235.77 3243.10 3265.81 3269.79 3299.55 3291.27 3273.00 3258.39 3265.18 3241.38
2722.70 2721.17 2719.17 2718.28 2719.00 2723.97 2721.17 2718.41 2725.61 2732.70 2740.57 2746.34 2746.82 2747.74 2749.68 2752.59 2758.53 2763.22 2769.10 2774.12 2779.86 2786.61 2793.26 2800.23 2810.22 2817.96 2830.17 2841.02 2851.61 2866.74 2885.62 2905.31 2921.07 2933.50 2944.82 2951.44 2968.14 2982.39 2995.70 3004.06 3004.36 3018.64 3032.57 3046.10 3065.93 3082.64 3107.52 3164.91 3231.96 3265.35 3293.96 3279.45 3255.96 3227.40 3209.94 3201.99 3200.65 3200.88 3214.30 3223.91 3239.11 3273.32 3274.35 3249.06 3230.16 3214.10 3199.72
2717.81 2715.49 2713.67 2713.30 2716.09 2720.81 2716.07 2715.57 2725.97 2736.77 2742.57 2745.47 2745.76 2748.88 2753.46 2758.23 2762.68 2769.26 2774.26 2779.04 2783.69 2789.66 2796.91 2806.56 2819.26 2825.57 2837.98 2850.28 2865.14 2888.03 2909.66 2928.41 2939.97 2951.56 2968.16 2984.32 3002.89 3016.24 3022.68 3026.69 3027.72 3033.97 3042.18 3053.56 3072.59 3089.65 3126.07 3189.30 3230.13 3192.39 3193.75 3204.55 3189.54 3168.84 3156.20 3168.61 3181.14 3185.30 3191.03 3198.99 3209.43 3256.59 3256.11 3226.20 3202.42 3188.87 3173.10
2712.52 2709.25 2709.12 2708.92 2710.99 2715.64 2710.14 2714.09 2726.20 2737.62 2740.83 2743.93 2747.53 2752.72 2757.41 2760.53 2765.70 2771.26 2776.48 2783.14 2788.91 2794.23 2807.86 2820.69 2835.42 2845.65 2855.51 2871.60 2888.77 2911.56 2934.38 2954.16 2971.07 2972.36 2999.72 3018.05 3034.39 3040.22 3046.30 3048.40 3048.40 3053.57 3061.72 3070.35 3081.51 3113.41 3163.14 3172.24 3126.92 3120.97 3143.55 3158.34 3150.68 3138.39 3133.98 3147.15 3158.76 3168.23 3172.57 3178.02 3185.72 3234.10 3238.14 3208.05 3185.90 3173.08 3157.36
2708.06 2703.45 2702.99 2703.70 2705.99 2709.68 2704.02 2712.47 2724.18 2733.94 2740.10 2745.53 2749.28 2752.31 2756.19 2762.39 2769.36 2774.17 2779.98 2788.07 2800.26 2806.65 2823.71 2838.11 2854.50 2869.91 2884.71 2900.01 2918.25 2945.65 2976.22 2991.90 3000.83 3016.40 3030.34 3055.39 3072.16 3068.68 3072.32 3071.00 3074.08 3078.11 3081.86 3093.12 3108.72 3145.34 3121.28 3079.18 3079.57 3098.71 3123.05 3137.77 3138.61 3117.70 3089.94 3110.22 3134.17 3144.90 3150.28 3155.30 3166.18 3209.09 3219.12 3209.11 3182.52 3160.18 3147.00
2704.38 2697.91 2697.23 2697.30 2699.91 2702.61 2697.55 2708.50 2719.37 2727.45 2738.78 2744.15 2745.26 2748.49 2753.71 2762.99 2772.25 2780.64 2788.68 2800.67 2816.70 2832.99 2853.36 2859.40 2875.11 2893.69 2911.30 2928.56 2940.81 2983.53 3026.93 3045.75 3062.02 3076.47 3093.00 3099.11 3096.80 3094.22 3097.12 3093.52 3100.81 3113.87 3126.94 3139.01 3151.90 3089.42 3051.06 3041.21 3050.20 3076.65 3112.28 3115.86 3117.03 3098.35 3057.82 3062.30 3094.99 3108.57 3115.55 3126.76 3139.69 3183.45 3200.15 3195.07 3183.02 3152.24 3137.07
2698.41 2691.52 2689.08 2690.56 2691.42 2693.88 2687.98 2698.14 2709.46 2713.55 2733.17 2737.72 2741.22 2743.16 2753.35 2763.89 2776.82 2789.93 2802.68 2818.52 2836.83 2851.75 2875.87 2895.66 2892.29 2913.83 2933.37 2953.65 2977.23 3029.42 3090.53 3118.68 3127.99 3135.09 3136.97 3132.80 3126.96 3127.26 3121.58 3122.49 3139.34 3162.01 3175.57 3176.75 3094.65 3022.99 3016.20 3014.71 3026.43 3046.88 3096.02 3084.86 3074.84 3042.90 3028.92 3029.27 3047.12 3061.36 3073.17 3089.97 3114.59 3142.12 3175.55 3173.22 3165.60 3155.01 3132.82
2681.35 2683.14 2681.34 2682.17 2682.43 2683.67 2673.90 2680.23 2682.37 2695.91 2704.78 2725.38 2736.99 2755.97 2770.39 2784.54 2798.53 2812.21 2824.66 2841.88 2863.84 2881.84 2904.61 2955.51 2933.78 2944.98 2957.66 2978.11 3018.08 3068.01 3122.03 3176.53 3189.19 3197.63 3184.85 3168.13 3158.07 3156.10 3153.53 3169.80 3196.77 3208.01 3206.36 3102.37 3026.47 3005.64 2995.18 2994.24 3000.33 3024.92 3064.50 3047.90 3008.61 3002.21 3002.08 3002.05 3009.14 3027.85 3042.68 3069.65 3096.14 3118.53 3140.70 3141.63 3135.84 3129.95 3130.75
2677.82 2673.85 2669.16 2671.62 2671.72 2671.90 2663.02 2661.76 2667.44 2677.39 2684.22 2718.87 2747.48 2773.21 2794.73 2812.53 2826.12 2842.17 2854.71 2870.67 2893.87 2913.11 2925.68 2967.53 3012.10 2992.05 3011.22 3026.72 3058.53 3101.09 3142.79 3194.32 3237.26 3248.01 3212.29 3193.64 3181.79 3182.81 3188.36 3232.28 3251.53 3252.82 3163.89 3059.20 3016.12 2993.16 2986.63 2978.11 2977.26 2989.96 3034.50 3014.10 2982.45 2976.20 2976.96 2977.57 2980.07 2994.20 3021.08 3049.09 3071.25 3084.34 3098.83 3089.03 3080.41 3094.28 3127.52
2665.72 2663.32 2660.19 2660.30 2660.99 2659.83 2650.75 2652.02 2653.85 2658.95 2664.73 2712.59 2740.63 2766.43 2801.96 2835.75 2858.16 2873.73 2895.99 2930.11 2960.57 2979.31 2983.74 3000.59 3029.89 3057.46 3078.84 3093.58 3095.23 3131.33 3169.11 3223.88 3279.01 3285.22 3233.17 3218.49 3211.14 3215.71 3222.49 3276.88 3231.78 3193.51 3110.82 3041.95 3004.75 2983.59 2975.21 2960.38 2953.57 2957.93 2993.81 3002.20 2966.12 2954.57 2954.32 2953.72 2955.81 2956.70 2998.65 3012.14 3019.72 3023.42 3027.82 3034.26 3057.55 3085.28 3122.48
2649.81 2649.33 2648.80 2649.82 2648.96 2647.36 2639.06 2639.45 2639.93 2642.70 2645.56 2706.38 2733.18 2765.10 2807.24 2853.67 2902.20 2922.41 2948.80 2990.74 3030.92 3049.13 3057.93 3048.45 3055.84 3067.36 3090.20 3112.34 3136.98 3162.86 3187.45 3219.18 3276.12 3321.52 3280.22 3253.68 3235.51 3236.37 3244.16 3272.20 3216.93 3169.26 3072.15 3021.59 2994.36 2972.03 2961.98 2945.58 2938.60 2931.07 2935.18 2969.51 2956.88 2934.75 2932.78 2932.39 2931.60 2928.74 2955.74 2968.78 2968.89 2976.43 2995.09 3019.88 3049.52 3084.97 3127.11
2638.22 2638.78 2637.80 2637.21 2638.69 2636.04 2630.38 2625.52 2629.97 2632.56 2643.88 2693.07 2726.24 2758.15 2807.56 2857.18 2922.69 2973.41 3012.78 3044.77 3100.49 3111.32 3123.09 3114.83 3102.81 3100.70 3116.34 3136.22 3157.78 3179.38 3205.47 3240.10 3302.36 3352.91 3330.52 3295.83 3265.25 3260.89 3254.79 3204.07 3119.14 3098.28 3032.62 2995.48 2974.91 2959.86 2949.23 2933.14 2920.09 2912.24 2904.10 2908.00 2924.47 2914.74 2913.95 2912.36 2909.37 2904.16 2913.76 2928.30 2940.77 2956.06 2980.21 3009.90 3048.42 3100.28 3138.82
2627.21 2623.90 2626.25 2627.14 2629.72 2628.97 2623.46 2622.05 2622.71 2622.53 2639.89 2679.42 2715.69 2747.08 2785.24 2830.98 2880.40 2924.77 2965.02 3004.60 3055.96 3088.99 3121.95 3133.57 3161.11 3163.45 3173.60 3185.40 3195.61 3209.90 3223.87 3266.14 3308.32 3360.63 3369.73 3332.72 3296.84 3272.94 3231.04 3138.70 3074.99 3035.49 3008.45 2977.10 2960.25 2942.60 2931.06 2915.05 2898.12 2889.40 2885.96 2882.60 2886.66 2893.97 2893.90 2892.09 2888.52 2883.49 2887.73 2904.44 2922.83 2943.15 2969.62 3006.18 3033.85 3083.79 3104.12
2601.71 2610.79 2613.78 2619.37 2621.47 2620.08 2614.67 2612.39 2614.22 2609.92 2624.49 2664.75 2699.64 2731.96 2762.91 2797.43 2828.83 2859.15 2900.32 2936.71 3004.82 3044.83 3062.78 3099.03 3168.75 3220.13 3246.86 3249.22 3258.86 3252.65 3272.06 3313.91 3355.62 3397.40 3408.75 3366.18 3302.47 3241.27 3173.23 3100.84 3058.76 3020.33 2996.36 2971.94 2948.35 2928.13 2911.47 2894.91 2881.83 2870.72 2869.81 2868.95 2868.60 2876.49 2873.50 2873.15 2870.30 2867.18 2873.45 2887.13 2911.13 2941.04 2975.92 3015.70 3034.03 3036.59 3050.78
2603.09 2603.61 2601.39 2608.35 2610.73 2608.65 2604.22 2604.83 2606.26 2593.18 2610.74 2650.11 2682.55 2717.40 2745.71 2778.96 2809.34 2840.68 2875.02 2913.09 2960.24 2998.47 3056.04 3102.08 3144.39 3210.93 3273.80 3318.05 3326.92 3317.11 3332.11 3364.03 3409.01 3431.62 3427.17 3410.14 3332.51 3249.63 3180.51 3094.51 3043.16 3013.62 2993.74 2979.59 2933.01 2908.76 2899.51 2885.90 2870.30 2856.37 2853.77 2856.73 2852.87 2860.27 2856.09 2855.67 2853.17 2851.80 2857.78 2872.43 2917.32 2956.81 2984.59 2994.77 3001.35 3003.58 3017.34
2586.92 2587.24 2589.53 2595.10 2601.85 2601.84 2596.54 2593.82 2595.18 2578.65 2587.65 2636.06 2659.17 2696.54 2732.62 2765.34 2807.02 2840.73 2875.02 2915.95 2982.34 3030.72 3101.01 3154.34 3174.65 3225.84 3273.00 3311.69 3337.84 3356.56 3384.88 3407.72 3433.99 3412.70 3360.53 3317.70 3283.03 3243.02 3168.22 3082.11 3020.85 3000.36 2982.21 2966.33 2936.55 2901.59 2884.91 2870.65 2851.18 2836.83 2836.53 2841.88 2839.38 2837.75 2833.32 2838.92 2836.54 2834.56 2839.51 2858.20 2889.87 2917.16 2930.36 2946.53 2965.07 2984.46 3002.11
2574.14 2578.07 2579.93 2583.81 2591.24 2589.64 2585.97 2581.85 2582.20 2569.64 2568.13 2634.93 2683.57 2725.81 2759.09 2809.89 2830.72 2857.83 2905.49 2967.44 3028.68 3086.57 3136.78 3185.04 3208.74 3229.01 3247.68 3280.28 3301.15 3314.56 3329.72 3349.40 3384.98 3395.44 3314.20 3254.10 3205.64 3207.80 3178.18 3093.88 3007.70 2979.90 2964.10 2949.45 2922.06 2889.95 2865.37 2849.19 2827.80 2813.32 2815.20 2823.63 2820.96 2809.47 2812.25 2822.35 2819.89 2817.03 2826.48 2846.93 2879.74 2897.34 2918.24 2937.57 2955.28 2974.62 2996.88
2567.15 2565.22 2569.12 2573.69 2578.38 2579.15 2576.28 2571.67 2569.51 2558.72 2557.82 2640.98 2689.51 2729.06 2788.82 2865.78 2887.94 2914.07 2966.69 3019.65 3049.10 3081.44 3122.59 3157.32 3161.45 3171.53 3200.07 3234.01 3256.51 3269.28 3246.42 3274.48 3337.68 3379.60 3272.53 3195.91 3168.05 3149.92 3132.93 3084.18 2999.69 2969.08 2949.25 2925.98 2902.26 2861.96 2839.29 2817.52 2800.16 2785.01 2787.32 2798.64 2801.22 2791.77 2800.28 2808.41 2802.47 2801.11 2811.91 2839.31 2871.67 2886.89 2908.70 2926.37 2943.28 2965.55 2991.49
2558.77 2556.98 2559.04 2564.19 2569.75 2569.67 2566.16 2558.24 2556.85 2547.50 2521.08 2620.01 2672.11 2712.79 2760.10 2844.66 2903.00 2934.71 2958.49 2970.49 3017.60 3070.01 3105.53 3109.98 3119.82 3123.26 3136.99 3174.20 3210.03 3219.05 3212.33 3218.54 3273.98 3317.49 3250.89 3166.08 3130.43 3104.72 3108.61 3085.22 3001.70 2958.13 2933.91 2906.45 2877.86 2846.82 2815.87 2791.24 2774.57 2764.97 2758.31 2769.31 2777.70 2779.40 2790.43 2795.57 2789.43 2787.10 2798.50 2825.85 2852.68 2866.74 2893.48 2915.25 2943.58 2973.29 2997.80
2546.34 2547.40 2548.68 2554.29 2558.03 2558.35 2552.45 2547.00 2541.80 2536.40 2527.98 2590.36 2654.43 2691.16 2743.04 2803.92 2853.35 2873.98 2913.96 2960.56 3031.83 3056.18 3062.80 3080.25 3086.30 3087.83 3094.01 3127.08 3160.88 3178.90 3191.88 3190.11 3232.02 3268.23 3223.49 3153.07 3107.73 3084.72 3071.40 3082.50 3005.70 2953.82 2920.66 2891.73 2858.53 2828.26 2803.65 2782.93 2766.97 2755.25 2747.14 2744.48 2755.58 2766.83 2778.53 2781.38 2778.48 2775.15 2785.82 2809.18 2820.50 2838.78 2876.60 2911.08 2939.26 2944.95 2964.78
2541.54 2538.12 2539.24 2543.44 2546.02 2544.25 2541.40 2534.66 2528.05 2524.51 2524.08 2545.44 2633.07 2670.47 2708.24 2753.55 2805.61 2847.55 2897.15 2943.64 2992.66 3017.90 3024.11 3042.98 3044.12 3057.64 3063.38 3086.37 3119.41 3165.38 3169.62 3163.31 3210.05 3281.91 3271.09 3165.28 3092.03 3065.98 3046.93 3033.37 3010.95 2969.91 2924.33 2885.10 2852.72 2820.62 2796.83 2776.95 2760.15 2746.91 2738.68 2729.53 2737.67 2745.18 2754.99 2762.64 2766.40 2762.70 2772.78 2788.84 2788.35 2804.97 2841.29 2879.12 2909.18 2912.39 2931.41
2534.88 2534.59 2531.93 2532.28 2534.07 2533.68 2529.14 2523.24 2516.84 2513.20 2512.56 2510.86 2600.65 2655.27 2687.51 2737.64 2788.43 2826.57 2886.72 2925.98 2954.68 2958.84 2954.45 2978.23 2997.86 3010.04 3008.95 3052.78 3115.74 3128.27 3139.93 3141.59 3174.30 3265.14 3295.13 3193.93 3098.84 3051.85 3030.19 3004.10 2996.47 2971.34 2919.75 2887.97 2860.27 2829.19 2796.95 2771.84 2753.50 2739.40 2729.73 2721.14 2714.83 2719.47 2728.38 2737.74 2745.99 2744.42 2751.47 2763.95 2761.52 2766.26 2797.40 2836.95 2859.72 2867.30 2902.48
2528.32 2525.05 2525.21 2523.28 2523.40 2523.12 2516.71 2511.85 2509.33 2506.41 2505.25 2515.32 2560.85 2633.72 2680.64 2737.21 2801.82 2844.40 2878.84 2893.79 2885.05 2872.20 2880.12 2901.93 2930.08 2951.80 2966.50 2998.45 3055.95 3094.22 3112.39 3118.50 3153.83 3251.34 3295.82 3243.57 3142.08 3075.47 3018.74 2989.12 2967.69 2931.89 2914.81 2887.24 2864.62 2835.00 2802.95 2771.30 2749.27 2734.58 2723.47 2714.11 2704.55 2699.13 2705.15 2713.45 2719.58 2719.43 2723.88 2729.40 2731.36 2733.07 2756.54 2790.98 2818.18 2847.22 2875.21
2523.45 2520.54 2516.78 2515.72 2515.77 2514.28 2508.87 2504.09 2500.97 2500.13 2499.01 2508.85 2564.28 2622.60 2667.82 2716.54 2773.64 2807.61 2827.38 2823.00 2831.05 2840.68 2856.71 2879.73 2902.51 2926.53 2950.43 2978.22 3029.19 3068.40 3085.10 3100.78 3154.17 3244.43 3290.38 3249.09 3188.78 3128.25 3025.26 2993.06 2961.23 2936.89 2911.85 2884.80 2859.26 2834.04 2808.42 2777.44 2750.55 2733.14 2717.90 2705.67 2698.67 2686.81 2686.28 2687.27 2691.95 2694.25 2696.39 2698.86 2701.04 2705.57 2729.95 2755.29 2784.42 2819.34 2849.48
2518.93 2515.00 2509.37 2508.51 2506.28 2505.75 2501.49 2497.16 2496.39 2494.13 2495.89 2496.80 2520.38 2607.45 2651.11 2697.19 2737.20 2761.07 2770.13 2776.04 2796.05 2817.48 2838.74 2861.58 2883.99 2910.54 2942.47 2985.30 3023.80 3053.05 3068.20 3095.47 3151.52 3240.62 3250.55 3204.36 3166.22 3114.79 3047.47 2996.20 2975.65 2946.02 2914.87 2883.49 2857.83 2836.46 2812.50 2781.11 2751.88 2732.05 2714.93 2699.57 2689.80 2681.93 2676.84 2674.15 2672.31 2674.96 2675.32 2675.90 2675.71 2682.56 2701.85 2721.38 2754.57 2788.55 2843.90
2512.80 2508.43 2504.28 2501.96 2500.70 2498.70 2496.23 2492.04 2491.76 2491.23 2493.09 2492.59 2479.20 2578.07 2630.53 2665.08 2690.10 2713.48 2731.94 2751.24 2774.14 2798.61 2821.96 2845.73 2872.81 2901.95 2933.69 2985.48 3017.03 3034.60 3060.68 3105.84 3170.12 3223.73 3200.36 3152.15 3133.98 3112.43 3076.86 3048.78 3010.38 2969.90 2936.18 2903.28 2864.86 2840.92 2814.61 2783.31 2749.92 2724.95 2708.73 2693.02 2682.98 2678.08 2674.20 2670.13 2664.28 2660.28 2660.75 2659.00 2659.77 2665.10 2680.18 2697.53 2719.51 2764.09 2825.32
2507.15 2503.35 2498.05 2497.45 2494.33 2493.50 2490.53 2487.03 2487.22 2489.21 2491.71 2488.64 2477.74 2563.92 2596.14 2630.30 2656.58 2678.29 2704.14 2729.47 2759.16 2784.66 2813.05 2841.74 2870.07 2903.16 2940.70 2973.20 2997.53 3021.93 3057.07 3125.31 3171.93 3247.82 3146.23 3126.37 3111.10 3097.53 3092.19 3076.76 3031.60 2985.50 2951.01 2915.22 2887.08 2860.97 2831.78 2783.75 2746.55 2720.91 2704.00 2687.58 2679.55 2676.27 2673.18 2670.50 2665.95 2657.74 2651.81 2648.83 2647.55 2649.23 2663.18 2675.67 2698.12 2741.41 2791.77
2501.44 2497.54 2491.91 2491.03 2488.12 2487.30 2486.45 2482.60 2483.66 2485.53 2489.22 2483.86 2472.29 2546.00 2579.90 2607.04 2632.97 2660.25 2690.26 2722.50 2756.42 2794.84 2819.10 2844.10 2874.82 2901.56 2935.16 2956.76 2985.68 3020.66 3060.24 3114.32 3195.56 3221.61 3152.86 3127.91 3107.33 3097.11 3081.32 3060.77 3030.35 2990.03 2959.23 2937.92 2925.30 2892.19 2839.14 2788.03 2752.24 2725.26 2705.88 2687.12 2678.79 2677.01 2677.08 2676.58 2669.51 2659.97 2652.05 2644.59 2638.30 2634.63 2644.40 2652.32 2671.79 2710.78 2755.77
